-100 100 0
-98 100 0
-96 100 0
-94 100 0
-92 100 0
-90 100 0
-88 100 0
-86 100 0
-84 100 0
-82 100 0
-80 100 0
-78 100 0
-76 100 0
-74 100 0
-72 100 0
-70 100 0
-68 100 0
-66 100 0
-64 100 0
-62 100 0
-60 100 0
-58 100 0
-56 100 0
-54 100 0
-52 100 0
-50 100 0
-48 100 0
-46 100 0
-44 100 0
-42 100 0
-40 100 0
-38 100 0
-36 100 0
-34 100 0
-32 100 0
-30 100 0
-28 100 0
-26 100 0
-24 100 0
-22 100 0
-20 100 0
-18 100 0
-16 100 0
-14 100 0
-12 100 0
-10 100 0
-8 100 0
-6 100 0
-4 100 0
-2 100 0
0 100 0
2 100 0
4 100 0
6 100 0
8 100 0
10 100 0
12 100 0
14 100 0
16 100 0
18 100 0
20 100 0
22 100 0
24 100 0
26 100 0
28 100 0
30 100 0
32 100 0
34 100 0
36 100 0
38 100 0
40 100 0
42 100 0
44 100 0
46 100 0
48 100 0
50 100 0
52 100 0
54 100 0
56 100 0
58 100 0
60 100 0
62 100 0
64 100 0
66 100 0
68 100 0
70 100 0
72 100 0
74 100 0
76 100 0
78 100 0
80 100 0
82 100 0
84 100 0
86 100 0
88 100 0
90 100 0
92 100 0
94 100 0
96 100 0
98 100 0
100 100 0
-100 98 0
-98 98 0
-96 98 0
-94 98 0
-92 98 0
-90 98 0
-88 98 0
-86 98 0
-84 98 0
-82 98 0
-80 98 0
-78 98 0
-76 98 0
-74 98 0
-72 98 0
-70 98 0
-68 98 0
-66 98 0
-64 98 0
-62 98 0
-60 98 0
-58 98 0
-56 98 0
-54 98 0
-52 98 0
-50 98 0
-48 98 0
-46 98 0
-44 98 0
-42 98 0
-40 98 0
-38 98 0
-36 98 0
-34 98 0
-32 98 0
-30 98 0
-28 98 0
-26 98 0
-24 98 0
-22 98 0
-20 98 0
-18 98 0
-16 98 0
-14 98 0
-12 98 0
-10 98 0
-8 98 0
-6 98 0
-4 98 0
-2 98 0
0 98 0
2 98 0
4 98 0
6 98 0
8 98 0
10 98 0
12 98 0
14 98 0
16 98 0
18 98 0
20 98 0
22 98 0
24 98 0
26 98 0
28 98 0
30 98 0
32 98 0
34 98 0
36 98 0
38 98 0
40 98 0
42 98 0
44 98 0
46 98 0
48 98 0
50 98 0
52 98 0
54 98 0
56 98 0
58 98 0
60 98 0
62 98 0
64 98 0
66 98 0
68 98 0
70 98 0
72 98 0
74 98 0
76 98 0
78 98 0
80 98 0
82 98 0
84 98 0
86 98 0
88 98 0
90 98 0
92 98 0
94 98 0
96 98 0
98 98 0
100 98 0
-100 96 0
-98 96 0
-96 96 0
-94 96 0
-92 96 0
-90 96 0
-88 96 0
-86 96 0
-84 96 0
-82 96 0
-80 96 0
-78 96 0
-76 96 0
-74 96 0
-72 96 0
-70 96 0
-68 96 0
-66 96 0
-64 96 0
-62 96 0
-60 96 0
-58 96 0
-56 96 0
-54 96 0
-52 96 0
-50 96 0
-48 96 0
-46 96 0
-44 96 0
-42 96 0
-40 96 0
-38 96 0
-36 96 0
-34 96 0
-32 96 0
-30 96 0
-28 96 0
-26 96 0
-24 96 0
-22 96 0
-20 96 0
-18 96 0
-16 96 0
-14 96 0
-12 96 0
-10 96 0
-8 96 0
-6 96 0
-4 96 0
-2 96 0
0 96 0
2 96 0
4 96 0
6 96 0
8 96 0
10 96 0
12 96 0
14 96 0
16 96 0
18 96 0
20 96 0
22 96 0
24 96 0
26 96 0
28 96 0
30 96 0
32 96 0
34 96 0
36 96 0
38 96 0
40 96 0
42 96 0
44 96 0
46 96 0
48 96 0
50 96 0
52 96 0
54 96 0
56 96 0
58 96 0
60 96 0
62 96 0
64 96 0
66 96 0
68 96 0
70 96 0
72 96 0
74 96 0
76 96 0
78 96 0
80 96 0
82 96 0
84 96 0
86 96 0
88 96 0
90 96 0
92 96 0
94 96 0
96 96 0
98 96 0
100 96 0
-100 94 0
-98 94 0
-96 94 0
-94 94 0
-92 94 0
-90 94 0
-88 94 0
-86 94 0
-84 94 0
-82 94 0
-80 94 0
-78 94 0
-76 94 0
-74 94 0
-72 94 0
-70 94 0
-68 94 0
-66 94 0
-64 94 0
-62 94 0
-60 94 0
-58 94 0
-56 94 0
-54 94 0
-52 94 0
-50 94 0
-48 94 0
-46 94 0
-44 94 0
-42 94 0
-40 94 0
-38 94 0
-36 94 0
-34 94 0
-32 94 0
-30 94 0
-28 94 0
-26 94 0
-24 94 0
-22 94 0
-20 94 0
-18 94 0
-16 94 0
-14 94 0
-12 94 0
-10 94 0
-8 94 0
-6 94 0
-4 94 0
-2 94 0
0 94 0
2 94 0
4 94 0
6 94 0
8 94 0
10 94 0
12 94 0
14 94 0
16 94 0
18 94 0
20 94 0
22 94 0
24 94 0
26 94 0
28 94 0
30 94 0
32 94 0
34 94 0
36 94 0
38 94 0
40 94 0
42 94 0
44 94 0
46 94 0
48 94 0
50 94 0
52 94 0
54 94 0
56 94 0
58 94 0
60 94 0
62 94 0
64 94 0
66 94 0
68 94 0
70 94 0
72 94 0
74 94 0
76 94 0
78 94 0
80 94 0
82 94 0
84 94 0
86 94 0
88 94 0
90 94 0
92 94 0
94 94 0
96 94 0
98 94 0
100 94 0
-100 92 0
-98 92 0
-96 92 0
-94 92 0
-92 92 0
-90 92 0
-88 92 0
-86 92 0
-84 92 0
-82 92 0
-80 92 0
-78 92 0
-76 92 0
-74 92 0
-72 92 0
-70 92 0
-68 92 0
-66 92 0
-64 92 0
-62 92 0
-60 92 0
-58 92 0
-56 92 0
-54 92 0
-52 92 0
-50 92 0
-48 92 0
-46 92 0
-44 92 0
-42 92 0
-40 92 0
-38 92 0
-36 92 0
-34 92 0
-32 92 0
-30 92 0
-28 92 0
-26 92 0
-24 92 0
-22 92 0
-20 92 0
-18 92 0
-16 92 0
-14 92 0
-12 92 0
-10 92 0
-8 92 0
-6 92 0
-4 92 0
-2 92 0
0 92 0
2 92 0
4 92 0
6 92 0
8 92 0
10 92 0
12 92 0
14 92 0
16 92 0
18 92 0
20 92 0
22 92 0
24 92 0
26 92 0
28 92 0
30 92 0
32 92 0
34 92 0
36 92 0
38 92 0
40 92 0
42 92 0
44 92 0
46 92 0
48 92 0
50 92 0
52 92 0
54 92 0
56 92 0
58 92 0
60 92 0
62 92 0
64 92 0
66 92 0
68 92 0
70 92 0
72 92 0
74 92 0
76 92 0
78 92 0
80 92 0
82 92 0
84 92 0
86 92 0
88 92 0
90 92 0
92 92 0
94 92 0
96 92 0
98 92 0
100 92 0
-100 90 0
-98 90 0
-96 90 0
-94 90 0
-92 90 0
-90 90 0
-88 90 0
-86 90 0
-84 90 0
-82 90 0
-80 90 0
-78 90 0
-76 90 0
-74 90 0
-72 90 0
-70 90 0
-68 90 0
-66 90 0
-64 90 0
-62 90 0
-60 90 0
-58 90 0
-56 90 0
-54 90 0
-52 90 0
-50 90 0
-48 90 0
-46 90 0
-44 90 0
-42 90 0
-40 90 0
-38 90 0
-36 90 0
-34 90 0
-32 90 0
-30 90 0
-28 90 0
-26 90 0
-24 90 0
-22 90 0
-20 90 0
-18 90 0
-16 90 0
-14 90 0
-12 90 0
-10 90 0
-8 90 0
-6 90 0
-4 90 0
-2 90 0
0 90 0
2 90 0
4 90 0
6 90 0
8 90 0
10 90 0
12 90 0
14 90 0
16 90 0
18 90 0
20 90 0
22 90 0
24 90 0
26 90 0
28 90 0
30 90 0
32 90 0
34 90 0
36 90 0
38 90 0
40 90 0
42 90 0
44 90 0
46 90 0
48 90 0
50 90 0
52 90 0
54 90 0
56 90 0
58 90 0
60 90 0
62 90 0
64 90 0
66 90 0
68 90 0
70 90 0
72 90 0
74 90 0
76 90 0
78 90 0
80 90 0
82 90 0
84 90 0
86 90 0
88 90 0
90 90 0
92 90 0
94 90 0
96 90 0
98 90 0
100 90 0
-100 88 0
-98 88 0
-96 88 0
-94 88 0
-92 88 0
-90 88 0
-88 88 0
-86 88 0
-84 88 0
-82 88 0
-80 88 0
-78 88 0
-76 88 0
-74 88 0
-72 88 0
-70 88 0
-68 88 0
-66 88 0
-64 88 0
-62 88 0
-60 88 0
-58 88 0
-56 88 0
-54 88 0
-52 88 0
-50 88 0
-48 88 0
-46 88 0
-44 88 0
-42 88 0
-40 88 0
-38 88 0
-36 88 0
-34 88 0
-32 88 0
-30 88 0
-28 88 0
-26 88 0
-24 88 0
-22 88 0
-20 88 0
-18 88 0
-16 88 0
-14 88 0
-12 88 0
-10 88 0
-8 88 0
-6 88 0
-4 88 0
-2 88 0
0 88 0
2 88 0
4 88 0
6 88 0
8 88 0
10 88 0
12 88 0
14 88 0
16 88 0
18 88 0
20 88 0
22 88 0
24 88 0
26 88 0
28 88 0
30 88 0
32 88 0
34 88 0
36 88 0
38 88 0
40 88 0
42 88 0
44 88 0
46 88 0
48 88 0
50 88 0
52 88 0
54 88 0
56 88 0
58 88 0
60 88 0
62 88 0
64 88 0
66 88 0
68 88 0
70 88 0
72 88 0
74 88 0
76 88 0
78 88 0
80 88 0
82 88 0
84 88 0
86 88 0
88 88 0
90 88 0
92 88 0
94 88 0
96 88 0
98 88 0
100 88 0
-100 86 0
-98 86 0
-96 86 0
-94 86 0
-92 86 0
-90 86 0
-88 86 0
-86 86 0
-84 86 0
-82 86 0
-80 86 0
-78 86 0
-76 86 0
-74 86 0
-72 86 0
-70 86 0
-68 86 0
-66 86 0
-64 86 0
-62 86 0
-60 86 0
-58 86 0
-56 86 0
-54 86 0
-52 86 0
-50 86 0
-48 86 0
-46 86 0
-44 86 0
-42 86 0
-40 86 0
-38 86 0
-36 86 0
-34 86 0
-32 86 0
-30 86 0
-28 86 0
-26 86 0
-24 86 0
-22 86 0
-20 86 0
-18 86 0
-16 86 0
-14 86 0
-12 86 0
-10 86 0
-8 86 0
-6 86 0
-4 86 0
-2 86 0
0 86 0
2 86 0
4 86 0
6 86 0
8 86 0
10 86 0
12 86 0
14 86 0
16 86 0
18 86 0
20 86 0
22 86 0
24 86 0
26 86 0
28 86 0
30 86 0
32 86 0
34 86 0
36 86 0
38 86 0
40 86 0
42 86 0
44 86 0
46 86 0
48 86 0
50 86 0
52 86 0
54 86 0
56 86 0
58 86 0
60 86 0
62 86 0
64 86 0
66 86 0
68 86 0
70 86 0
72 86 0
74 86 0
76 86 0
78 86 0
80 86 0
82 86 0
84 86 0
86 86 0
88 86 0
90 86 0
92 86 0
94 86 0
96 86 0
98 86 0
100 86 0
-100 84 0
-98 84 0
-96 84 0
-94 84 0
-92 84 0
-90 84 0
-88 84 0
-86 84 0
-84 84 0
-82 84 0
-80 84 0
-78 84 0
-76 84 0
-74 84 0
-72 84 0
-70 84 0
-68 84 0
-66 84 0
-64 84 0
-62 84 0
-60 84 0
-58 84 0
-56 84 0
-54 84 0
-52 84 0
-50 84 0
-48 84 0
-46 84 0
-44 84 0
-42 84 0
-40 84 0
-38 84 0
-36 84 0
-34 84 0
-32 84 0
-30 84 0
-28 84 0
-26 84 0
-24 84 0
-22 84 0
-20 84 0
-18 84 0
-16 84 0
-14 84 0
-12 84 0
-10 84 0
-8 84 0
-6 84 0
-4 84 0
-2 84 0
0 84 0
2 84 0
4 84 0
6 84 0
8 84 0
10 84 0
12 84 0
14 84 0
16 84 0
18 84 0
20 84 0
22 84 0
24 84 0
26 84 0
28 84 0
30 84 0
32 84 0
34 84 0
36 84 0
38 84 0
40 84 0
42 84 0
44 84 0
46 84 0
48 84 0
50 84 0
52 84 0
54 84 0
56 84 0
58 84 0
60 84 0
62 84 0
64 84 0
66 84 0
68 84 0
70 84 0
72 84 0
74 84 0
76 84 0
78 84 0
80 84 0
82 84 0
84 84 0
86 84 0
88 84 0
90 84 0
92 84 0
94 84 0
96 84 0
98 84 0
100 84 0
-100 82 0
-98 82 0
-96 82 0
-94 82 0
-92 82 0
-90 82 0
-88 82 0
-86 82 0
-84 82 0
-82 82 0
-80 82 0
-78 82 0
-76 82 0
-74 82 0
-72 82 0
-70 82 0
-68 82 0
-66 82 0
-64 82 0
-62 82 0
-60 82 0
-58 82 0
-56 82 0
-54 82 0
-52 82 0
-50 82 0
-48 82 0
-46 82 0
-44 82 0
-42 82 0
-40 82 0
-38 82 0
-36 82 0
-34 82 0
-32 82 0
-30 82 0
-28 82 0
-26 82 0
-24 82 0
-22 82 0
-20 82 0
-18 82 0
-16 82 0
-14 82 0
-12 82 0
-10 82 0
-8 82 0
-6 82 0
-4 82 0
-2 82 0
0 82 0
2 82 0
4 82 0
6 82 0
8 82 0
10 82 0
12 82 0
14 82 0
16 82 0
18 82 0
20 82 0
22 82 0
24 82 0
26 82 0
28 82 0
30 82 0
32 82 0
34 82 0
36 82 0
38 82 0
40 82 0
42 82 0
44 82 0
46 82 0
48 82 0
50 82 0
52 82 0
54 82 0
56 82 0
58 82 0
60 82 0
62 82 0
64 82 0
66 82 0
68 82 0
70 82 0
72 82 0
74 82 0
76 82 0
78 82 0
80 82 0
82 82 0
84 82 0
86 82 0
88 82 0
90 82 0
92 82 0
94 82 0
96 82 0
98 82 0
100 82 0
-100 80 0
-98 80 0
-96 80 0
-94 80 0
-92 80 0
-90 80 0
-88 80 0
-86 80 0
-84 80 0
-82 80 0
-80 80 0
-78 80 0
-76 80 0
-74 80 0
-72 80 0
-70 80 0
-68 80 0
-66 80 0
-64 80 0
-62 80 0
-60 80 0
-58 80 0
-56 80 0
-54 80 0
-52 80 0
-50 80 0
-48 80 0
-46 80 0
-44 80 0
-42 80 0
-40 80 0
-38 80 0
-36 80 0
-34 80 0
-32 80 0
-30 80 0
-28 80 0
-26 80 0
-24 80 0
-22 80 0
-20 80 0
-18 80 0
-16 80 0
-14 80 0
-12 80 0
-10 80 0
-8 80 0
-6 80 0
-4 80 0
-2 80 0
0 80 0
2 80 0
4 80 0
6 80 0
8 80 0
10 80 0
12 80 0
14 80 0
16 80 0
18 80 0
20 80 0
22 80 0
24 80 0
26 80 0
28 80 0
30 80 0
32 80 0
34 80 0
36 80 0
38 80 0
40 80 0
42 80 0
44 80 0
46 80 0
48 80 0
50 80 0
52 80 0
54 80 0
56 80 0
58 80 0
60 80 0
62 80 0
64 80 0
66 80 0
68 80 0
70 80 0
72 80 0
74 80 0
76 80 0
78 80 0
80 80 0
82 80 0
84 80 0
86 80 0
88 80 0
90 80 0
92 80 0
94 80 0
96 80 0
98 80 0
100 80 0
-100 78 0
-98 78 0
-96 78 0
-94 78 0
-92 78 0
-90 78 0
-88 78 0
-86 78 0
-84 78 0
-82 78 0
-80 78 0
-78 78 0
-76 78 0
-74 78 0
-72 78 0
-70 78 0
-68 78 0
-66 78 0
-64 78 0
-62 78 0
-60 78 0
-58 78 0
-56 78 0
-54 78 0
-52 78 0
-50 78 0
-48 78 0
-46 78 0
-44 78 0
-42 78 0
-40 78 0
-38 78 0
-36 78 0
-34 78 0
-32 78 0
-30 78 0
-28 78 0
-26 78 0
-24 78 0
-22 78 0
-20 78 0
-18 78 0
-16 78 0
-14 78 0
-12 78 0
-10 78 0
-8 78 0
-6 78 0
-4 78 0
-2 78 0
0 78 0
2 78 0
4 78 0
6 78 0
8 78 0
10 78 0
12 78 0
14 78 0
16 78 0
18 78 0
20 78 0
22 78 0
24 78 0
26 78 0
28 78 0
30 78 0
32 78 0
34 78 0
36 78 0
38 78 0
40 78 0
42 78 0
44 78 0
46 78 0
48 78 0
50 78 0
52 78 0
54 78 0
56 78 0
58 78 0
60 78 0
62 78 0
64 78 0
66 78 0
68 78 0
70 78 0
72 78 0
74 78 0
76 78 0
78 78 0
80 78 0
82 78 0
84 78 0
86 78 0
88 78 0
90 78 0
92 78 0
94 78 0
96 78 0
98 78 0
100 78 0
-100 76 0
-98 76 0
-96 76 0
-94 76 0
-92 76 0
-90 76 0
-88 76 0
-86 76 0
-84 76 0
-82 76 0
-80 76 0
-78 76 0
-76 76 0
-74 76 0
-72 76 0
-70 76 0
-68 76 0
-66 76 0
-64 76 0
-62 76 0
-60 76 0
-58 76 0
-56 76 0
-54 76 0
-52 76 0
-50 76 0
-48 76 0
-46 76 0
-44 76 0
-42 76 0
-40 76 0
-38 76 0
-36 76 0
-34 76 0
-32 76 0
-30 76 0
-28 76 0
-26 76 0
-24 76 0
-22 76 0
-20 76 0
-18 76 0
-16 76 0
-14 76 0
-12 76 0
-10 76 0
-8 76 0
-6 76 0
-4 76 0
-2 76 0
0 76 0
2 76 0
4 76 0
6 76 0
8 76 0
10 76 0
12 76 0
14 76 0
16 76 0
18 76 0
20 76 0
22 76 0
24 76 0
26 76 0
28 76 0
30 76 0
32 76 0
34 76 0
36 76 0
38 76 0
40 76 0
42 76 0
44 76 0
46 76 0
48 76 0
50 76 0
52 76 0
54 76 0
56 76 0
58 76 0
60 76 0
62 76 0
64 76 0
66 76 0
68 76 0
70 76 0
72 76 0
74 76 0
76 76 0
78 76 0
80 76 0
82 76 0
84 76 0
86 76 0
88 76 0
90 76 0
92 76 0
94 76 0
96 76 0
98 76 0
100 76 0
-100 74 0
-98 74 0
-96 74 0
-94 74 0
-92 74 0
-90 74 0
-88 74 0
-86 74 0
-84 74 0
-82 74 0
-80 74 0
-78 74 0
-76 74 0
-74 74 0
-72 74 0
-70 74 0
-68 74 0
-66 74 0
-64 74 0
-62 74 0
-60 74 0
-58 74 0
-56 74 0
-54 74 0
-52 74 0
-50 74 0
-48 74 0
-46 74 0
-44 74 0
-42 74 0
-40 74 0
-38 74 0
-36 74 0
-34 74 0
-32 74 0
-30 74 0
-28 74 0
-26 74 0
-24 74 0
-22 74 0
-20 74 0
-18 74 0
-16 74 0
-14 74 0
-12 74 0
-10 74 0
-8 74 0
-6 74 0
-4 74 0
-2 74 0
0 74 0
2 74 0
4 74 0
6 74 0
8 74 0
10 74 0
12 74 0
14 74 0
16 74 0
18 74 0
20 74 0
22 74 0
24 74 0
26 74 0
28 74 0
30 74 0
32 74 0
34 74 0
36 74 0
38 74 0
40 74 0
42 74 0
44 74 0
46 74 0
48 74 0
50 74 0
52 74 0
54 74 0
56 74 0
58 74 0
60 74 0
62 74 0
64 74 0
66 74 0
68 74 0
70 74 0
72 74 0
74 74 0
76 74 0
78 74 0
80 74 0
82 74 0
84 74 0
86 74 0
88 74 0
90 74 0
92 74 0
94 74 0
96 74 0
98 74 0
100 74 0
-100 72 0
-98 72 0
-96 72 0
-94 72 0
-92 72 0
-90 72 0
-88 72 0
-86 72 0
-84 72 0
-82 72 0
-80 72 0
-78 72 0
-76 72 0
-74 72 0
-72 72 0
-70 72 0
-68 72 0
-66 72 0
-64 72 0
-62 72 0
-60 72 0
-58 72 0
-56 72 0
-54 72 0
-52 72 0
-50 72 0
-48 72 0
-46 72 0
-44 72 0
-42 72 0
-40 72 0
-38 72 0
-36 72 0
-34 72 0
-32 72 0
-30 72 0
-28 72 0
-26 72 0
-24 72 0
-22 72 0
-20 72 0
-18 72 0
-16 72 0
-14 72 0
-12 72 0
-10 72 0
-8 72 0
-6 72 0
-4 72 0
-2 72 0
0 72 0
2 72 0
4 72 0
6 72 0
8 72 0
10 72 0
12 72 0
14 72 0
16 72 0
18 72 0
20 72 0
22 72 0
24 72 0
26 72 0
28 72 0
30 72 0
32 72 0
34 72 0
36 72 0
38 72 0
40 72 0
42 72 0
44 72 0
46 72 0
48 72 0
50 72 0
52 72 0
54 72 0
56 72 0
58 72 0
60 72 0
62 72 0
64 72 0
66 72 0
68 72 0
70 72 0
72 72 0
74 72 0
76 72 0
78 72 0
80 72 0
82 72 0
84 72 0
86 72 0
88 72 0
90 72 0
92 72 0
94 72 0
96 72 0
98 72 0
100 72 0
-100 70 0
-98 70 0
-96 70 0
-94 70 0
-92 70 0
-90 70 0
-88 70 0
-86 70 0
-84 70 0
-82 70 0
-80 70 0
-78 70 0
-76 70 0
-74 70 0
-72 70 0
-70 70 0
-68 70 0
-66 70 0
-64 70 0
-62 70 0
-60 70 0
-58 70 0
-56 70 0
-54 70 0
-52 70 0
-50 70 0
-48 70 0
-46 70 0
-44 70 0
-42 70 0
-40 70 0
-38 70 0
-36 70 0
-34 70 0
-32 70 0
-30 70 0
-28 70 0
-26 70 0
-24 70 0
-22 70 0
-20 70 0
-18 70 0
-16 70 0
-14 70 0
-12 70 0
-10 70 0
-8 70 0
-6 70 0
-4 70 0
-2 70 0
0 70 0
2 70 0
4 70 0
6 70 0
8 70 0
10 70 0
12 70 0
14 70 0
16 70 0
18 70 0
20 70 0
22 70 0
24 70 0
26 70 0
28 70 0
30 70 0
32 70 0
34 70 0
36 70 0
38 70 0
40 70 0
42 70 0
44 70 0
46 70 0
48 70 0
50 70 0
52 70 0
54 70 0
56 70 0
58 70 0
60 70 0
62 70 0
64 70 0
66 70 0
68 70 0
70 70 0
72 70 0
74 70 0
76 70 0
78 70 0
80 70 0
82 70 0
84 70 0
86 70 0
88 70 0
90 70 0
92 70 0
94 70 0
96 70 0
98 70 0
100 70 0
-100 68 0
-98 68 0
-96 68 0
-94 68 0
-92 68 0
-90 68 0
-88 68 0
-86 68 0
-84 68 0
-82 68 0
-80 68 0
-78 68 0
-76 68 0
-74 68 0
-72 68 0
-70 68 0
-68 68 0
-66 68 0
-64 68 0
-62 68 0
-60 68 0
-58 68 0
-56 68 0
-54 68 0
-52 68 0
-50 68 0
-48 68 0
-46 68 0
-44 68 0
-42 68 0
-40 68 0
-38 68 0
-36 68 0
-34 68 0
-32 68 0
-30 68 0
-28 68 0
-26 68 0
-24 68 0
-22 68 0
-20 68 0
-18 68 0
-16 68 0
-14 68 0
-12 68 0
-10 68 0
-8 68 0
-6 68 0
-4 68 0
-2 68 0
0 68 0
2 68 0
4 68 0
6 68 0
8 68 0
10 68 0
12 68 0
14 68 0
16 68 0
18 68 0
20 68 0
22 68 0
24 68 0
26 68 0
28 68 0
30 68 0
32 68 0
34 68 0
36 68 0
38 68 0
40 68 0
42 68 0
44 68 0
46 68 0
48 68 0
50 68 0
52 68 0
54 68 0
56 68 0
58 68 0
60 68 0
62 68 0
64 68 0
66 68 0
68 68 0
70 68 0
72 68 0
74 68 0
76 68 0
78 68 0
80 68 0
82 68 0
84 68 0
86 68 0
88 68 0
90 68 0
92 68 0
94 68 0
96 68 0
98 68 0
100 68 0
-100 66 0
-98 66 0
-96 66 0
-94 66 0
-92 66 0
-90 66 0
-88 66 0
-86 66 0
-84 66 0
-82 66 0
-80 66 0
-78 66 0
-76 66 0
-74 66 0
-72 66 0
-70 66 0
-68 66 0
-66 66 0
-64 66 0
-62 66 0
-60 66 0
-58 66 0
-56 66 0
-54 66 0
-52 66 0
-50 66 0
-48 66 0
-46 66 0
-44 66 0
-42 66 0
-40 66 0
-38 66 0
-36 66 0
-34 66 0
-32 66 0
-30 66 0
-28 66 0
-26 66 0
-24 66 0
-22 66 0
-20 66 0
-18 66 0
-16 66 0
-14 66 0
-12 66 0
-10 66 0
-8 66 0
-6 66 0
-4 66 0
-2 66 0
0 66 0
2 66 0
4 66 0
6 66 0
8 66 0
10 66 0
12 66 0
14 66 0
16 66 0
18 66 0
20 66 0
22 66 0
24 66 0
26 66 0
28 66 0
30 66 0
32 66 0
34 66 0
36 66 0
38 66 0
40 66 0
42 66 0
44 66 0
46 66 0
48 66 0
50 66 0
52 66 0
54 66 0
56 66 0
58 66 0
60 66 0
62 66 0
64 66 0
66 66 0
68 66 0
70 66 0
72 66 0
74 66 0
76 66 0
78 66 0
80 66 0
82 66 0
84 66 0
86 66 0
88 66 0
90 66 0
92 66 0
94 66 0
96 66 0
98 66 0
100 66 0
-100 64 0
-98 64 0
-96 64 0
-94 64 0
-92 64 0
-90 64 0
-88 64 0
-86 64 0
-84 64 0
-82 64 0
-80 64 0
-78 64 0
-76 64 0
-74 64 0
-72 64 0
-70 64 0
-68 64 0
-66 64 0
-64 64 0
-62 64 0
-60 64 0
-58 64 0
-56 64 0
-54 64 0
-52 64 0
-50 64 0
-48 64 0
-46 64 0
-44 64 0
-42 64 0
-40 64 0
-38 64 0
-36 64 0
-34 64 0
-32 64 0
-30 64 0
-28 64 0
-26 64 0
-24 64 0
-22 64 0
-20 64 0
-18 64 0
-16 64 0
-14 64 0
-12 64 0
-10 64 0
-8 64 0
-6 64 0
-4 64 0
-2 64 0
0 64 0
2 64 0
4 64 0
6 64 0
8 64 0
10 64 0
12 64 0
14 64 0
16 64 0
18 64 0
20 64 0
22 64 0
24 64 0
26 64 0
28 64 0
30 64 0
32 64 0
34 64 0
36 64 0
38 64 0
40 64 0
42 64 0
44 64 0
46 64 0
48 64 0
50 64 0
52 64 0
54 64 0
56 64 0
58 64 0
60 64 0
62 64 0
64 64 0
66 64 0
68 64 0
70 64 0
72 64 0
74 64 0
76 64 0
78 64 0
80 64 0
82 64 0
84 64 0
86 64 0
88 64 0
90 64 0
92 64 0
94 64 0
96 64 0
98 64 0
100 64 0
-100 62 0
-98 62 0
-96 62 0
-94 62 0
-92 62 0
-90 62 0
-88 62 0
-86 62 0
-84 62 0
-82 62 0
-80 62 0
-78 62 0
-76 62 0
-74 62 0
-72 62 0
-70 62 0
-68 62 0
-66 62 0
-64 62 0
-62 62 0
-60 62 0
-58 62 0
-56 62 0
-54 62 0
-52 62 0
-50 62 0
-48 62 0
-46 62 0
-44 62 0
-42 62 0
-40 62 0
-38 62 0
-36 62 0
-34 62 0
-32 62 0
-30 62 0
-28 62 0
-26 62 0
-24 62 0
-22 62 0
-20 62 0
-18 62 0
-16 62 0
-14 62 0
-12 62 0
-10 62 0
-8 62 0
-6 62 0
-4 62 0
-2 62 0
0 62 0
2 62 0
4 62 0
6 62 0
8 62 0
10 62 0
12 62 0
14 62 0
16 62 0
18 62 0
20 62 0
22 62 0
24 62 0
26 62 0
28 62 0
30 62 0
32 62 0
34 62 0
36 62 0
38 62 0
40 62 0
42 62 0
44 62 0
46 62 0
48 62 0
50 62 0
52 62 0
54 62 0
56 62 0
58 62 0
60 62 0
62 62 0
64 62 0
66 62 0
68 62 0
70 62 0
72 62 0
74 62 0
76 62 0
78 62 0
80 62 0
82 62 0
84 62 0
86 62 0
88 62 0
90 62 0
92 62 0
94 62 0
96 62 0
98 62 0
100 62 0
-100 60 0
-98 60 0
-96 60 0
-94 60 0
-92 60 0
-90 60 0
-88 60 0
-86 60 0
-84 60 0
-82 60 0
-80 60 0
-78 60 0
-76 60 0
-74 60 0
-72 60 0
-70 60 0
-68 60 0
-66 60 0
-64 60 0
-62 60 0
-60 60 0
-58 60 0
-56 60 0
-54 60 0
-52 60 0
-50 60 0
-48 60 0
-46 60 0
-44 60 0
-42 60 0
-40 60 0
-38 60 0
-36 60 0
-34 60 0
-32 60 0
-30 60 0
-28 60 0
-26 60 0
-24 60 0
-22 60 0
-20 60 0
-18 60 0
-16 60 0
-14 60 0
-12 60 0
-10 60 0
-8 60 0
-6 60 0
-4 60 0
-2 60 0
0 60 0
2 60 0
4 60 0
6 60 0
8 60 0
10 60 0
12 60 0
14 60 0
16 60 0
18 60 0
20 60 0
22 60 0
24 60 0
26 60 0
28 60 0
30 60 0
32 60 0
34 60 0
36 60 0
38 60 0
40 60 0
42 60 0
44 60 0
46 60 0
48 60 0
50 60 0
52 60 0
54 60 0
56 60 0
58 60 0
60 60 0
62 60 0
64 60 0
66 60 0
68 60 0
70 60 0
72 60 0
74 60 0
76 60 0
78 60 0
80 60 0
82 60 0
84 60 0
86 60 0
88 60 0
90 60 0
92 60 0
94 60 0
96 60 0
98 60 0
100 60 0
-100 58 0
-98 58 0
-96 58 0
-94 58 0
-92 58 0
-90 58 0
-88 58 0
-86 58 0
-84 58 0
-82 58 0
-80 58 0
-78 58 0
-76 58 0
-74 58 0
-72 58 0
-70 58 0
-68 58 0
-66 58 0
-64 58 0
-62 58 0
-60 58 0
-58 58 0
-56 58 0
-54 58 0
-52 58 0
-50 58 0
-48 58 0
-46 58 0
-44 58 0
-42 58 0
-40 58 0
-38 58 0
-36 58 0
-34 58 0
-32 58 0
-30 58 0
-28 58 0
-26 58 0
-24 58 0
-22 58 0
-20 58 0
-18 58 0
-16 58 0
-14 58 0
-12 58 0
-10 58 0
-8 58 0
-6 58 0
-4 58 0
-2 58 0
0 58 0
2 58 0
4 58 0
6 58 0
8 58 0
10 58 0
12 58 0
14 58 0
16 58 0
18 58 0
20 58 0
22 58 0
24 58 0
26 58 0
28 58 0
30 58 0
32 58 0
34 58 0
36 58 0
38 58 0
40 58 0
42 58 0
44 58 0
46 58 0
48 58 0
50 58 0
52 58 0
54 58 0
56 58 0
58 58 0
60 58 0
62 58 0
64 58 0
66 58 0
68 58 0
70 58 0
72 58 0
74 58 0
76 58 0
78 58 0
80 58 0
82 58 0
84 58 0
86 58 0
88 58 0
90 58 0
92 58 0
94 58 0
96 58 0
98 58 0
100 58 0
-100 56 0
-98 56 0
-96 56 0
-94 56 0
-92 56 0
-90 56 0
-88 56 0
-86 56 0
-84 56 0
-82 56 0
-80 56 0
-78 56 0
-76 56 0
-74 56 0
-72 56 0
-70 56 0
-68 56 0
-66 56 0
-64 56 0
-62 56 0
-60 56 0
-58 56 0
-56 56 0
-54 56 0
-52 56 0
-50 56 0
-48 56 0
-46 56 0
-44 56 0
-42 56 0
-40 56 0
-38 56 0
-36 56 0
-34 56 0
-32 56 0
-30 56 0
-28 56 0
-26 56 0
-24 56 0
-22 56 0
-20 56 0
-18 56 0
-16 56 0
-14 56 0
-12 56 0
-10 56 0
-8 56 0
-6 56 0
-4 56 0
-2 56 0
0 56 0
2 56 0
4 56 0
6 56 0
8 56 0
10 56 0
12 56 0
14 56 0
16 56 0
18 56 0
20 56 0
22 56 0
24 56 0
26 56 0
28 56 0
30 56 0
32 56 0
34 56 0
36 56 0
38 56 0
40 56 0
42 56 0
44 56 0
46 56 0
48 56 0
50 56 0
52 56 0
54 56 0
56 56 0
58 56 0
60 56 0
62 56 0
64 56 0
66 56 0
68 56 0
70 56 0
72 56 0
74 56 0
76 56 0
78 56 0
80 56 0
82 56 0
84 56 0
86 56 0
88 56 0
90 56 0
92 56 0
94 56 0
96 56 0
98 56 0
100 56 0
-100 54 0
-98 54 0
-96 54 0
-94 54 0
-92 54 0
-90 54 0
-88 54 0
-86 54 0
-84 54 0
-82 54 0
-80 54 0
-78 54 0
-76 54 0
-74 54 0
-72 54 0
-70 54 0
-68 54 0
-66 54 0
-64 54 0
-62 54 0
-60 54 0
-58 54 0
-56 54 0
-54 54 0
-52 54 0
-50 54 0
-48 54 0
-46 54 0
-44 54 0
-42 54 0
-40 54 0
-38 54 0
-36 54 0
-34 54 0
-32 54 0
-30 54 0
-28 54 0
-26 54 0
-24 54 0
-22 54 0
-20 54 0
-18 54 0
-16 54 0
-14 54 0
-12 54 0
-10 54 0
-8 54 0
-6 54 0
-4 54 0
-2 54 0
0 54 0
2 54 0
4 54 0
6 54 0
8 54 0
10 54 0
12 54 0
14 54 0
16 54 0
18 54 0
20 54 0
22 54 0
24 54 0
26 54 0
28 54 0
30 54 0
32 54 0
34 54 0
36 54 0
38 54 0
40 54 0
42 54 0
44 54 0
46 54 0
48 54 0
50 54 0
52 54 0
54 54 0
56 54 0
58 54 0
60 54 0
62 54 0
64 54 0
66 54 0
68 54 0
70 54 0
72 54 0
74 54 0
76 54 0
78 54 0
80 54 0
82 54 0
84 54 0
86 54 0
88 54 0
90 54 0
92 54 0
94 54 0
96 54 0
98 54 0
100 54 0
-100 52 0
-98 52 0
-96 52 0
-94 52 0
-92 52 0
-90 52 0
-88 52 0
-86 52 0
-84 52 0
-82 52 0
-80 52 0
-78 52 0
-76 52 0
-74 52 0
-72 52 0
-70 52 0
-68 52 0
-66 52 0
-64 52 0
-62 52 0
-60 52 0
-58 52 0
-56 52 0
-54 52 0
-52 52 0
-50 52 0
-48 52 0
-46 52 0
-44 52 0
-42 52 0
-40 52 0
-38 52 0
-36 52 0
-34 52 0
-32 52 0
-30 52 0
-28 52 0
-26 52 0
-24 52 0
-22 52 0
-20 52 0
-18 52 0
-16 52 0
-14 52 0
-12 52 0
-10 52 0
-8 52 0
-6 52 0
-4 52 0
-2 52 0
0 52 0
2 52 0
4 52 0
6 52 0
8 52 0
10 52 0
12 52 0
14 52 0
16 52 0
18 52 0
20 52 0
22 52 0
24 52 0
26 52 0
28 52 0
30 52 0
32 52 0
34 52 0
36 52 0
38 52 0
40 52 0
42 52 0
44 52 0
46 52 0
48 52 0
50 52 0
52 52 0
54 52 0
56 52 0
58 52 0
60 52 0
62 52 0
64 52 0
66 52 0
68 52 0
70 52 0
72 52 0
74 52 0
76 52 0
78 52 0
80 52 0
82 52 0
84 52 0
86 52 0
88 52 0
90 52 0
92 52 0
94 52 0
96 52 0
98 52 0
100 52 0
-100 50 0
-98 50 0
-96 50 0
-94 50 0
-92 50 0
-90 50 0
-88 50 0
-86 50 0
-84 50 0
-82 50 0
-80 50 0
-78 50 0
-76 50 0
-74 50 0
-72 50 0
-70 50 0
-68 50 0
-66 50 0
-64 50 0
-62 50 0
-60 50 0
-58 50 0
-56 50 0
-54 50 0
-52 50 0
-50 50 0
-48 50 0
-46 50 0
-44 50 0
-42 50 0
-40 50 0
-38 50 0
-36 50 0
-34 50 0
-32 50 0
-30 50 0
-28 50 0
-26 50 0
-24 50 0
-22 50 0
-20 50 0
-18 50 0
-16 50 0
-14 50 0
-12 50 0
-10 50 0
-8 50 0
-6 50 0
-4 50 0
-2 50 0
0 50 0
2 50 0
4 50 0
6 50 0
8 50 0
10 50 0
12 50 0
14 50 0
16 50 0
18 50 0
20 50 0
22 50 0
24 50 0
26 50 0
28 50 0
30 50 0
32 50 0
34 50 0
36 50 0
38 50 0
40 50 0
42 50 0
44 50 0
46 50 0
48 50 0
50 50 0
52 50 0
54 50 0
56 50 0
58 50 0
60 50 0
62 50 0
64 50 0
66 50 0
68 50 0
70 50 0
72 50 0
74 50 0
76 50 0
78 50 0
80 50 0
82 50 0
84 50 0
86 50 0
88 50 0
90 50 0
92 50 0
94 50 0
96 50 0
98 50 0
100 50 0
-100 48 0
-98 48 0
-96 48 0
-94 48 0
-92 48 0
-90 48 0
-88 48 0
-86 48 0
-84 48 0
-82 48 0
-80 48 0
-78 48 0
-76 48 0
-74 48 0
-72 48 0
-70 48 0
-68 48 0
-66 48 0
-64 48 0
-62 48 0
-60 48 0
-58 48 0
-56 48 0
-54 48 0
-52 48 0
-50 48 0
-48 48 0
-46 48 0
-44 48 0
-42 48 0
-40 48 0
-38 48 0
-36 48 0
-34 48 0
-32 48 0
-30 48 0
-28 48 0
-26 48 0
-24 48 0
-22 48 0
-20 48 0
-18 48 0
-16 48 0
-14 48 0
-12 48 0
-10 48 0
-8 48 0
-6 48 0
-4 48 0
-2 48 0
0 48 0
2 48 0
4 48 0
6 48 0
8 48 0
10 48 0
12 48 0
14 48 0
16 48 0
18 48 0
20 48 0
22 48 0
24 48 0
26 48 0
28 48 0
30 48 0
32 48 0
34 48 0
36 48 0
38 48 0
40 48 0
42 48 0
44 48 0
46 48 0
48 48 0
50 48 0
52 48 0
54 48 0
56 48 0
58 48 0
60 48 0
62 48 0
64 48 0
66 48 0
68 48 0
70 48 0
72 48 0
74 48 0
76 48 0
78 48 0
80 48 0
82 48 0
84 48 0
86 48 0
88 48 0
90 48 0
92 48 0
94 48 0
96 48 0
98 48 0
100 48 0
-100 46 0
-98 46 0
-96 46 0
-94 46 0
-92 46 0
-90 46 0
-88 46 0
-86 46 0
-84 46 0
-82 46 0
-80 46 0
-78 46 0
-76 46 0
-74 46 0
-72 46 0
-70 46 0
-68 46 0
-66 46 0
-64 46 0
-62 46 0
-60 46 0
-58 46 0
-56 46 0
-54 46 0
-52 46 0
-50 46 0
-48 46 0
-46 46 0
-44 46 0
-42 46 0
-40 46 0
-38 46 0
-36 46 0
-34 46 0
-32 46 0
-30 46 0
-28 46 0
-26 46 0
-24 46 0
-22 46 0
-20 46 0
-18 46 0
-16 46 0
-14 46 0
-12 46 0
-10 46 0
-8 46 0
-6 46 0
-4 46 0
-2 46 0
0 46 0
2 46 0
4 46 0
6 46 0
8 46 0
10 46 0
12 46 0
14 46 0
16 46 0
18 46 0
20 46 0
22 46 0
24 46 0
26 46 0
28 46 0
30 46 0
32 46 0
34 46 0
36 46 0
38 46 0
40 46 0
42 46 0
44 46 0
46 46 0
48 46 0
50 46 0
52 46 0
54 46 0
56 46 0
58 46 0
60 46 0
62 46 0
64 46 0
66 46 0
68 46 0
70 46 0
72 46 0
74 46 0
76 46 0
78 46 0
80 46 0
82 46 0
84 46 0
86 46 0
88 46 0
90 46 0
92 46 0
94 46 0
96 46 0
98 46 0
100 46 0
-100 44 0
-98 44 0
-96 44 0
-94 44 0
-92 44 0
-90 44 0
-88 44 0
-86 44 0
-84 44 0
-82 44 0
-80 44 0
-78 44 0
-76 44 0
-74 44 0
-72 44 0
-70 44 0
-68 44 0
-66 44 0
-64 44 0
-62 44 0
-60 44 0
-58 44 0
-56 44 0
-54 44 0
-52 44 0
-50 44 0
-48 44 0
-46 44 0
-44 44 0
-42 44 0
-40 44 0
-38 44 0
-36 44 0
-34 44 0
-32 44 0
-30 44 0
-28 44 0
-26 44 0
-24 44 0
-22 44 0
-20 44 0
-18 44 0
-16 44 0
-14 44 0
-12 44 0
-10 44 0
-8 44 0
-6 44 0
-4 44 0
-2 44 0
0 44 0
2 44 0
4 44 0
6 44 0
8 44 0
10 44 0
12 44 0
14 44 0
16 44 0
18 44 0
20 44 0
22 44 0
24 44 0
26 44 0
28 44 0
30 44 0
32 44 0
34 44 0
36 44 0
38 44 0
40 44 0
42 44 0
44 44 0
46 44 0
48 44 0
50 44 0
52 44 0
54 44 0
56 44 0
58 44 0
60 44 0
62 44 0
64 44 0
66 44 0
68 44 0
70 44 0
72 44 0
74 44 0
76 44 0
78 44 0
80 44 0
82 44 0
84 44 0
86 44 0
88 44 0
90 44 0
92 44 0
94 44 0
96 44 0
98 44 0
100 44 0
-100 42 0
-98 42 0
-96 42 0
-94 42 0
-92 42 0
-90 42 0
-88 42 0
-86 42 0
-84 42 0
-82 42 0
-80 42 0
-78 42 0
-76 42 0
-74 42 0
-72 42 0
-70 42 0
-68 42 0
-66 42 0
-64 42 0
-62 42 0
-60 42 0
-58 42 0
-56 42 0
-54 42 0
-52 42 0
-50 42 0
-48 42 0
-46 42 0
-44 42 0
-42 42 0
-40 42 0
-38 42 0
-36 42 0
-34 42 0
-32 42 0
-30 42 0
-28 42 0
-26 42 0
-24 42 0
-22 42 0
-20 42 0
-18 42 0
-16 42 0
-14 42 0
-12 42 0
-10 42 0
-8 42 0
-6 42 0
-4 42 0
-2 42 0
0 42 0
2 42 0
4 42 0
6 42 0
8 42 0
10 42 0
12 42 0
14 42 0
16 42 0
18 42 0
20 42 0
22 42 0
24 42 0
26 42 0
28 42 0
30 42 0
32 42 0
34 42 0
36 42 0
38 42 0
40 42 0
42 42 0
44 42 0
46 42 0
48 42 0
50 42 0
52 42 0
54 42 0
56 42 0
58 42 0
60 42 0
62 42 0
64 42 0
66 42 0
68 42 0
70 42 0
72 42 0
74 42 0
76 42 0
78 42 0
80 42 0
82 42 0
84 42 0
86 42 0
88 42 0
90 42 0
92 42 0
94 42 0
96 42 0
98 42 0
100 42 0
-100 40 0
-98 40 0
-96 40 0
-94 40 0
-92 40 0
-90 40 0
-88 40 0
-86 40 0
-84 40 0
-82 40 0
-80 40 0
-78 40 0
-76 40 0
-74 40 0
-72 40 0
-70 40 0
-68 40 0
-66 40 0
-64 40 0
-62 40 0
-60 40 0
-58 40 0
-56 40 0
-54 40 0
-52 40 0
-50 40 0
-48 40 0
-46 40 0
-44 40 0
-42 40 0
-40 40 0
-38 40 0
-36 40 0
-34 40 0
-32 40 0
-30 40 0
-28 40 0
-26 40 0
-24 40 0
-22 40 0
-20 40 0
-18 40 0
-16 40 0
-14 40 0
-12 40 0
-10 40 0
-8 40 0
-6 40 0
-4 40 0
-2 40 0
0 40 0
2 40 0
4 40 0
6 40 0
8 40 0
10 40 0
12 40 0
14 40 0
16 40 0
18 40 0
20 40 0
22 40 0
24 40 0
26 40 0
28 40 0
30 40 0
32 40 0
34 40 0
36 40 0
38 40 0
40 40 0
42 40 0
44 40 0
46 40 0
48 40 0
50 40 0
52 40 0
54 40 0
56 40 0
58 40 0
60 40 0
62 40 0
64 40 0
66 40 0
68 40 0
70 40 0
72 40 0
74 40 0
76 40 0
78 40 0
80 40 0
82 40 0
84 40 0
86 40 0
88 40 0
90 40 0
92 40 0
94 40 0
96 40 0
98 40 0
100 40 0
-100 38 0
-98 38 0
-96 38 0
-94 38 0
-92 38 0
-90 38 0
-88 38 0
-86 38 0
-84 38 0
-82 38 0
-80 38 0
-78 38 0
-76 38 0
-74 38 0
-72 38 0
-70 38 0
-68 38 0
-66 38 0
-64 38 0
-62 38 0
-60 38 0
-58 38 0
-56 38 0
-54 38 0
-52 38 0
-50 38 0
-48 38 0
-46 38 0
-44 38 0
-42 38 0
-40 38 0
-38 38 0
-36 38 0
-34 38 0
-32 38 0
-30 38 0
-28 38 0
-26 38 0
-24 38 0
-22 38 0
-20 38 0
-18 38 0
-16 38 0
-14 38 0
-12 38 0
-10 38 0
-8 38 0
-6 38 0
-4 38 0
-2 38 0
0 38 0
2 38 0
4 38 0
6 38 0
8 38 0
10 38 0
12 38 0
14 38 0
16 38 0
18 38 0
20 38 0
22 38 0
24 38 0
26 38 0
28 38 0
30 38 0
32 38 0
34 38 0
36 38 0
38 38 0
40 38 0
42 38 0
44 38 0
46 38 0
48 38 0
50 38 0
52 38 0
54 38 0
56 38 0
58 38 0
60 38 0
62 38 0
64 38 0
66 38 0
68 38 0
70 38 0
72 38 0
74 38 0
76 38 0
78 38 0
80 38 0
82 38 0
84 38 0
86 38 0
88 38 0
90 38 0
92 38 0
94 38 0
96 38 0
98 38 0
100 38 0
-100 36 0
-98 36 0
-96 36 0
-94 36 0
-92 36 0
-90 36 0
-88 36 0
-86 36 0
-84 36 0
-82 36 0
-80 36 0
-78 36 0
-76 36 0
-74 36 0
-72 36 0
-70 36 0
-68 36 0
-66 36 0
-64 36 0
-62 36 0
-60 36 0
-58 36 0
-56 36 0
-54 36 0
-52 36 0
-50 36 0
-48 36 0
-46 36 0
-44 36 0
-42 36 0
-40 36 0
-38 36 0
-36 36 0
-34 36 0
-32 36 0
-30 36 0
-28 36 0
-26 36 0
-24 36 0
-22 36 0
-20 36 0
-18 36 0
-16 36 0
-14 36 0
-12 36 0
-10 36 0
-8 36 0
-6 36 0
-4 36 0
-2 36 0
0 36 0
2 36 0
4 36 0
6 36 0
8 36 0
10 36 0
12 36 0
14 36 0
16 36 0
18 36 0
20 36 0
22 36 0
24 36 0
26 36 0
28 36 0
30 36 0
32 36 0
34 36 0
36 36 0
38 36 0
40 36 0
42 36 0
44 36 0
46 36 0
48 36 0
50 36 0
52 36 0
54 36 0
56 36 0
58 36 0
60 36 0
62 36 0
64 36 0
66 36 0
68 36 0
70 36 0
72 36 0
74 36 0
76 36 0
78 36 0
80 36 0
82 36 0
84 36 0
86 36 0
88 36 0
90 36 0
92 36 0
94 36 0
96 36 0
98 36 0
100 36 0
-100 34 0
-98 34 0
-96 34 0
-94 34 0
-92 34 0
-90 34 0
-88 34 0
-86 34 0
-84 34 0
-82 34 0
-80 34 0
-78 34 0
-76 34 0
-74 34 0
-72 34 0
-70 34 0
-68 34 0
-66 34 0
-64 34 0
-62 34 0
-60 34 0
-58 34 0
-56 34 0
-54 34 0
-52 34 0
-50 34 0
-48 34 0
-46 34 0
-44 34 0
-42 34 0
-40 34 0
-38 34 0
-36 34 0
-34 34 0
-32 34 0
-30 34 0
-28 34 0
-26 34 0
-24 34 0
-22 34 0
-20 34 0
-18 34 0
-16 34 0
-14 34 0
-12 34 0
-10 34 0
-8 34 0
-6 34 0
-4 34 0
-2 34 0
0 34 0
2 34 0
4 34 0
6 34 0
8 34 0
10 34 0
12 34 0
14 34 0
16 34 0
18 34 0
20 34 0
22 34 0
24 34 0
26 34 0
28 34 0
30 34 0
32 34 0
34 34 0
36 34 0
38 34 0
40 34 0
42 34 0
44 34 0
46 34 0
48 34 0
50 34 0
52 34 0
54 34 0
56 34 0
58 34 0
60 34 0
62 34 0
64 34 0
66 34 0
68 34 0
70 34 0
72 34 0
74 34 0
76 34 0
78 34 0
80 34 0
82 34 0
84 34 0
86 34 0
88 34 0
90 34 0
92 34 0
94 34 0
96 34 0
98 34 0
100 34 0
-100 32 0
-98 32 0
-96 32 0
-94 32 0
-92 32 0
-90 32 0
-88 32 0
-86 32 0
-84 32 0
-82 32 0
-80 32 0
-78 32 0
-76 32 0
-74 32 0
-72 32 0
-70 32 0
-68 32 0
-66 32 0
-64 32 0
-62 32 0
-60 32 0
-58 32 0
-56 32 0
-54 32 0
-52 32 0
-50 32 0
-48 32 0
-46 32 0
-44 32 0
-42 32 0
-40 32 0
-38 32 0
-36 32 0
-34 32 0
-32 32 0
-30 32 0
-28 32 0
-26 32 0
-24 32 0
-22 32 0
-20 32 0
-18 32 0
-16 32 0
-14 32 0
-12 32 0
-10 32 0
-8 32 0
-6 32 0
-4 32 0
-2 32 0
0 32 0
2 32 0
4 32 0
6 32 0
8 32 0
10 32 0
12 32 0
14 32 0
16 32 0
18 32 0
20 32 0
22 32 0
24 32 0
26 32 0
28 32 0
30 32 0
32 32 0
34 32 0
36 32 0
38 32 0
40 32 0
42 32 0
44 32 0
46 32 0
48 32 0
50 32 0
52 32 0
54 32 0
56 32 0
58 32 0
60 32 0
62 32 0
64 32 0
66 32 0
68 32 0
70 32 0
72 32 0
74 32 0
76 32 0
78 32 0
80 32 0
82 32 0
84 32 0
86 32 0
88 32 0
90 32 0
92 32 0
94 32 0
96 32 0
98 32 0
100 32 0
-100 30 0
-98 30 0
-96 30 0
-94 30 0
-92 30 0
-90 30 0
-88 30 0
-86 30 0
-84 30 0
-82 30 0
-80 30 0
-78 30 0
-76 30 0
-74 30 0
-72 30 0
-70 30 0
-68 30 0
-66 30 0
-64 30 0
-62 30 0
-60 30 0
-58 30 0
-56 30 0
-54 30 0
-52 30 0
-50 30 0
-48 30 0
-46 30 0
-44 30 0
-42 30 0
-40 30 0
-38 30 0
-36 30 0
-34 30 0
-32 30 0
-30 30 0
-28 30 0
-26 30 0
-24 30 0
-22 30 0
-20 30 0
-18 30 0
-16 30 0
-14 30 0
-12 30 0
-10 30 0
-8 30 0
-6 30 0
-4 30 0
-2 30 0
0 30 0
2 30 0
4 30 0
6 30 0
8 30 0
10 30 0
12 30 0
14 30 0
16 30 0
18 30 0
20 30 0
22 30 0
24 30 0
26 30 0
28 30 0
30 30 0
32 30 0
34 30 0
36 30 0
38 30 0
40 30 0
42 30 0
44 30 0
46 30 0
48 30 0
50 30 0
52 30 0
54 30 0
56 30 0
58 30 0
60 30 0
62 30 0
64 30 0
66 30 0
68 30 0
70 30 0
72 30 0
74 30 0
76 30 0
78 30 0
80 30 0
82 30 0
84 30 0
86 30 0
88 30 0
90 30 0
92 30 0
94 30 0
96 30 0
98 30 0
100 30 0
-100 28 0
-98 28 0
-96 28 0
-94 28 0
-92 28 0
-90 28 0
-88 28 0
-86 28 0
-84 28 0
-82 28 0
-80 28 0
-78 28 0
-76 28 0
-74 28 0
-72 28 0
-70 28 0
-68 28 0
-66 28 0
-64 28 0
-62 28 0
-60 28 0
-58 28 0
-56 28 0
-54 28 0
-52 28 0
-50 28 0
-48 28 0
-46 28 0
-44 28 0
-42 28 0
-40 28 0
-38 28 0
-36 28 0
-34 28 0
-32 28 0
-30 28 0
-28 28 0
-26 28 0
-24 28 0
-22 28 0
-20 28 0
-18 28 0
-16 28 0
-14 28 0
-12 28 0
-10 28 0
-8 28 0
-6 28 0
-4 28 0
-2 28 0
0 28 0
2 28 0
4 28 0
6 28 0
8 28 0
10 28 0
12 28 0
14 28 0
16 28 0
18 28 0
20 28 0
22 28 0
24 28 0
26 28 0
28 28 0
30 28 0
32 28 0
34 28 0
36 28 0
38 28 0
40 28 0
42 28 0
44 28 0
46 28 0
48 28 0
50 28 0
52 28 0
54 28 0
56 28 0
58 28 0
60 28 0
62 28 0
64 28 0
66 28 0
68 28 0
70 28 0
72 28 0
74 28 0
76 28 0
78 28 0
80 28 0
82 28 0
84 28 0
86 28 0
88 28 0
90 28 0
92 28 0
94 28 0
96 28 0
98 28 0
100 28 0
-100 26 0
-98 26 0
-96 26 0
-94 26 0
-92 26 0
-90 26 0
-88 26 0
-86 26 0
-84 26 0
-82 26 0
-80 26 0
-78 26 0
-76 26 0
-74 26 0
-72 26 0
-70 26 0
-68 26 0
-66 26 0
-64 26 0
-62 26 0
-60 26 0
-58 26 0
-56 26 0
-54 26 0
-52 26 0
-50 26 0
-48 26 0
-46 26 0
-44 26 0
-42 26 0
-40 26 0
-38 26 0
-36 26 0
-34 26 0
-32 26 0
-30 26 0
-28 26 0
-26 26 0
-24 26 0
-22 26 0
-20 26 0
-18 26 0
-16 26 0
-14 26 0
-12 26 0
-10 26 0
-8 26 0
-6 26 0
-4 26 0
-2 26 0
0 26 0
2 26 0
4 26 0
6 26 0
8 26 0
10 26 0
12 26 0
14 26 0
16 26 0
18 26 0
20 26 0
22 26 0
24 26 0
26 26 0
28 26 0
30 26 0
32 26 0
34 26 0
36 26 0
38 26 0
40 26 0
42 26 0
44 26 0
46 26 0
48 26 0
50 26 0
52 26 0
54 26 0
56 26 0
58 26 0
60 26 0
62 26 0
64 26 0
66 26 0
68 26 0
70 26 0
72 26 0
74 26 0
76 26 0
78 26 0
80 26 0
82 26 0
84 26 0
86 26 0
88 26 0
90 26 0
92 26 0
94 26 0
96 26 0
98 26 0
100 26 0
-100 24 0
-98 24 0
-96 24 0
-94 24 0
-92 24 0
-90 24 0
-88 24 0
-86 24 0
-84 24 0
-82 24 0
-80 24 0
-78 24 0
-76 24 0
-74 24 0
-72 24 0
-70 24 0
-68 24 0
-66 24 0
-64 24 0
-62 24 0
-60 24 0
-58 24 0
-56 24 0
-54 24 0
-52 24 0
-50 24 0
-48 24 0
-46 24 0
-44 24 0
-42 24 0
-40 24 0
-38 24 0
-36 24 0
-34 24 0
-32 24 0
-30 24 0
-28 24 0
-26 24 0
-24 24 0
-22 24 0
-20 24 0
-18 24 0
-16 24 0
-14 24 0
-12 24 0
-10 24 0
-8 24 0
-6 24 0
-4 24 0
-2 24 0
0 24 0
2 24 0
4 24 0
6 24 0
8 24 0
10 24 0
12 24 0
14 24 0
16 24 0
18 24 0
20 24 0
22 24 0
24 24 0
26 24 0
28 24 0
30 24 0
32 24 0
34 24 0
36 24 0
38 24 0
40 24 0
42 24 0
44 24 0
46 24 0
48 24 0
50 24 0
52 24 0
54 24 0
56 24 0
58 24 0
60 24 0
62 24 0
64 24 0
66 24 0
68 24 0
70 24 0
72 24 0
74 24 0
76 24 0
78 24 0
80 24 0
82 24 0
84 24 0
86 24 0
88 24 0
90 24 0
92 24 0
94 24 0
96 24 0
98 24 0
100 24 0
-100 22 0
-98 22 0
-96 22 0
-94 22 0
-92 22 0
-90 22 0
-88 22 0
-86 22 0
-84 22 0
-82 22 0
-80 22 0
-78 22 0
-76 22 0
-74 22 0
-72 22 0
-70 22 0
-68 22 0
-66 22 0
-64 22 0
-62 22 0
-60 22 0
-58 22 0
-56 22 0
-54 22 0
-52 22 0
-50 22 0
-48 22 0
-46 22 0
-44 22 0
-42 22 0
-40 22 0
-38 22 0
-36 22 0
-34 22 0
-32 22 0
-30 22 0
-28 22 0
-26 22 0
-24 22 0
-22 22 0
-20 22 0
-18 22 0
-16 22 0
-14 22 0
-12 22 0
-10 22 0
-8 22 0
-6 22 0
-4 22 0
-2 22 0
0 22 0
2 22 0
4 22 0
6 22 0
8 22 0
10 22 0
12 22 0
14 22 0
16 22 0
18 22 0
20 22 0
22 22 0
24 22 0
26 22 0
28 22 0
30 22 0
32 22 0
34 22 0
36 22 0
38 22 0
40 22 0
42 22 0
44 22 0
46 22 0
48 22 0
50 22 0
52 22 0
54 22 0
56 22 0
58 22 0
60 22 0
62 22 0
64 22 0
66 22 0
68 22 0
70 22 0
72 22 0
74 22 0
76 22 0
78 22 0
80 22 0
82 22 0
84 22 0
86 22 0
88 22 0
90 22 0
92 22 0
94 22 0
96 22 0
98 22 0
100 22 0
-100 20 0
-98 20 0
-96 20 0
-94 20 0
-92 20 0
-90 20 0
-88 20 0
-86 20 0
-84 20 0
-82 20 0
-80 20 0
-78 20 0
-76 20 0
-74 20 0
-72 20 0
-70 20 0
-68 20 0
-66 20 0
-64 20 0
-62 20 0
-60 20 0
-58 20 0
-56 20 0
-54 20 0
-52 20 0
-50 20 0
-48 20 0
-46 20 0
-44 20 0
-42 20 0
-40 20 0
-38 20 0
-36 20 0
-34 20 0
-32 20 0
-30 20 0
-28 20 0
-26 20 0
-24 20 0
-22 20 0
-20 20 0
-18 20 0
-16 20 0
-14 20 0
-12 20 0
-10 20 0
-8 20 0
-6 20 0
-4 20 0
-2 20 0
0 20 0
2 20 0
4 20 0
6 20 0
8 20 0
10 20 0
12 20 0
14 20 0
16 20 0
18 20 0
20 20 1
22 20 0
24 20 0
26 20 0
28 20 0
30 20 0
32 20 0
34 20 0
36 20 0
38 20 0
40 20 0
42 20 0
44 20 0
46 20 0
48 20 0
50 20 0
52 20 0
54 20 0
56 20 0
58 20 0
60 20 0
62 20 0
64 20 0
66 20 0
68 20 0
70 20 0
72 20 0
74 20 0
76 20 0
78 20 0
80 20 0
82 20 0
84 20 0
86 20 0
88 20 0
90 20 0
92 20 0
94 20 0
96 20 0
98 20 0
100 20 0
-100 18 0
-98 18 0
-96 18 0
-94 18 0
-92 18 0
-90 18 0
-88 18 0
-86 18 0
-84 18 0
-82 18 0
-80 18 0
-78 18 0
-76 18 0
-74 18 0
-72 18 0
-70 18 0
-68 18 0
-66 18 0
-64 18 0
-62 18 0
-60 18 0
-58 18 0
-56 18 0
-54 18 0
-52 18 0
-50 18 0
-48 18 0
-46 18 0
-44 18 0
-42 18 0
-40 18 0
-38 18 0
-36 18 0
-34 18 0
-32 18 0
-30 18 0
-28 18 0
-26 18 0
-24 18 0
-22 18 0
-20 18 0
-18 18 0
-16 18 0
-14 18 0
-12 18 0
-10 18 0
-8 18 0
-6 18 0
-4 18 0
-2 18 0
0 18 0
2 18 0
4 18 0
6 18 0
8 18 0
10 18 0
12 18 1
14 18 1
16 18 1
18 18 1
20 18 1
22 18 1
24 18 1
26 18 1
28 18 1
30 18 0
32 18 0
34 18 0
36 18 0
38 18 0
40 18 0
42 18 0
44 18 0
46 18 0
48 18 0
50 18 0
52 18 0
54 18 0
56 18 0
58 18 0
60 18 0
62 18 0
64 18 0
66 18 0
68 18 0
70 18 0
72 18 0
74 18 0
76 18 0
78 18 0
80 18 0
82 18 0
84 18 0
86 18 0
88 18 0
90 18 0
92 18 0
94 18 0
96 18 0
98 18 0
100 18 0
-100 16 0
-98 16 0
-96 16 0
-94 16 0
-92 16 0
-90 16 0
-88 16 0
-86 16 0
-84 16 0
-82 16 0
-80 16 0
-78 16 0
-76 16 0
-74 16 0
-72 16 0
-70 16 0
-68 16 0
-66 16 0
-64 16 0
-62 16 0
-60 16 0
-58 16 0
-56 16 0
-54 16 0
-52 16 0
-50 16 0
-48 16 0
-46 16 0
-44 16 0
-42 16 0
-40 16 0
-38 16 0
-36 16 0
-34 16 0
-32 16 0
-30 16 0
-28 16 0
-26 16 0
-24 16 0
-22 16 0
-20 16 0
-18 16 0
-16 16 0
-14 16 0
-12 16 0
-10 16 0
-8 16 0
-6 16 0
-4 16 0
-2 16 0
0 16 0
2 16 0
4 16 0
6 16 0
8 16 1
10 16 1
12 16 1
14 16 1
16 16 1
18 16 1
20 16 1
22 16 1
24 16 1
26 16 1
28 16 1
30 16 1
32 16 1
34 16 0
36 16 0
38 16 0
40 16 0
42 16 0
44 16 0
46 16 0
48 16 0
50 16 0
52 16 0
54 16 0
56 16 0
58 16 0
60 16 0
62 16 0
64 16 0
66 16 0
68 16 0
70 16 0
72 16 0
74 16 0
76 16 0
78 16 0
80 16 0
82 16 0
84 16 0
86 16 0
88 16 0
90 16 0
92 16 0
94 16 0
96 16 0
98 16 0
100 16 0
-100 14 0
-98 14 0
-96 14 0
-94 14 0
-92 14 0
-90 14 0
-88 14 0
-86 14 0
-84 14 0
-82 14 0
-80 14 0
-78 14 0
-76 14 0
-74 14 0
-72 14 0
-70 14 0
-68 14 0
-66 14 0
-64 14 0
-62 14 0
-60 14 0
-58 14 0
-56 14 0
-54 14 0
-52 14 0
-50 14 0
-48 14 0
-46 14 0
-44 14 0
-42 14 0
-40 14 0
-38 14 0
-36 14 0
-34 14 0
-32 14 0
-30 14 0
-28 14 0
-26 14 0
-24 14 0
-22 14 0
-20 14 0
-18 14 0
-16 14 0
-14 14 0
-12 14 0
-10 14 0
-8 14 0
-6 14 0
-4 14 0
-2 14 0
0 14 0
2 14 0
4 14 0
6 14 1
8 14 1
10 14 1
12 14 1
14 14 1
16 14 1
18 14 1
20 14 1
22 14 1
24 14 1
26 14 1
28 14 1
30 14 1
32 14 1
34 14 1
36 14 0
38 14 0
40 14 0
42 14 0
44 14 0
46 14 0
48 14 0
50 14 0
52 14 0
54 14 0
56 14 0
58 14 0
60 14 0
62 14 0
64 14 0
66 14 0
68 14 0
70 14 0
72 14 0
74 14 0
76 14 0
78 14 0
80 14 0
82 14 0
84 14 0
86 14 0
88 14 0
90 14 0
92 14 0
94 14 0
96 14 0
98 14 0
100 14 0
-100 12 0
-98 12 0
-96 12 0
-94 12 0
-92 12 0
-90 12 0
-88 12 0
-86 12 0
-84 12 0
-82 12 0
-80 12 0
-78 12 0
-76 12 0
-74 12 0
-72 12 0
-70 12 0
-68 12 0
-66 12 0
-64 12 0
-62 12 0
-60 12 0
-58 12 0
-56 12 0
-54 12 0
-52 12 0
-50 12 0
-48 12 0
-46 12 0
-44 12 0
-42 12 0
-40 12 0
-38 12 0
-36 12 0
-34 12 0
-32 12 0
-30 12 0
-28 12 0
-26 12 0
-24 12 0
-22 12 0
-20 12 0
-18 12 0
-16 12 0
-14 12 0
-12 12 0
-10 12 0
-8 12 0
-6 12 0
-4 12 0
-2 12 0
0 12 0
2 12 0
4 12 1
6 12 1
8 12 1
10 12 1
12 12 1
14 12 1
16 12 1
18 12 1
20 12 1
22 12 1
24 12 1
26 12 1
28 12 1
30 12 1
32 12 1
34 12 1
36 12 1
38 12 0
40 12 0
42 12 0
44 12 0
46 12 0
48 12 0
50 12 0
52 12 0
54 12 0
56 12 0
58 12 0
60 12 0
62 12 0
64 12 0
66 12 0
68 12 0
70 12 0
72 12 0
74 12 0
76 12 0
78 12 0
80 12 0
82 12 0
84 12 0
86 12 0
88 12 0
90 12 0
92 12 0
94 12 0
96 12 0
98 12 0
100 12 0
-100 10 0
-98 10 0
-96 10 0
-94 10 0
-92 10 0
-90 10 0
-88 10 0
-86 10 0
-84 10 0
-82 10 0
-80 10 0
-78 10 0
-76 10 0
-74 10 0
-72 10 0
-70 10 0
-68 10 0
-66 10 0
-64 10 0
-62 10 0
-60 10 0
-58 10 0
-56 10 0
-54 10 0
-52 10 0
-50 10 0
-48 10 0
-46 10 0
-44 10 0
-42 10 0
-40 10 0
-38 10 0
-36 10 0
-34 10 0
-32 10 0
-30 10 0
-28 10 0
-26 10 0
-24 10 0
-22 10 0
-20 10 0
-18 10 0
-16 10 0
-14 10 0
-12 10 0
-10 10 0
-8 10 0
-6 10 0
-4 10 0
-2 10 0
0 10 0
2 10 0
4 10 1
6 10 1
8 10 1
10 10 1
12 10 1
14 10 1
16 10 1
18 10 1
20 10 1
22 10 1
24 10 1
26 10 1
28 10 1
30 10 1
32 10 1
34 10 1
36 10 1
38 10 0
40 10 0
42 10 0
44 10 0
46 10 0
48 10 0
50 10 0
52 10 0
54 10 0
56 10 0
58 10 0
60 10 0
62 10 0
64 10 0
66 10 0
68 10 0
70 10 0
72 10 0
74 10 0
76 10 0
78 10 0
80 10 0
82 10 0
84 10 0
86 10 0
88 10 0
90 10 0
92 10 0
94 10 0
96 10 0
98 10 0
100 10 0
-100 8 0
-98 8 0
-96 8 0
-94 8 0
-92 8 0
-90 8 0
-88 8 0
-86 8 0
-84 8 0
-82 8 0
-80 8 0
-78 8 0
-76 8 0
-74 8 0
-72 8 0
-70 8 0
-68 8 0
-66 8 0
-64 8 0
-62 8 0
-60 8 0
-58 8 0
-56 8 0
-54 8 0
-52 8 0
-50 8 0
-48 8 0
-46 8 0
-44 8 0
-42 8 0
-40 8 0
-38 8 0
-36 8 0
-34 8 0
-32 8 0
-30 8 0
-28 8 0
-26 8 0
-24 8 0
-22 8 0
-20 8 0
-18 8 0
-16 8 0
-14 8 0
-12 8 0
-10 8 0
-8 8 0
-6 8 0
-4 8 0
-2 8 0
0 8 0
2 8 1
4 8 1
6 8 1
8 8 1
10 8 1
12 8 1
14 8 1
16 8 1
18 8 1
20 8 1
22 8 1
24 8 1
26 8 1
28 8 1
30 8 1
32 8 1
34 8 1
36 8 1
38 8 1
40 8 0
42 8 0
44 8 0
46 8 0
48 8 0
50 8 0
52 8 0
54 8 0
56 8 0
58 8 0
60 8 0
62 8 0
64 8 0
66 8 0
68 8 0
70 8 0
72 8 0
74 8 0
76 8 0
78 8 0
80 8 0
82 8 0
84 8 0
86 8 0
88 8 0
90 8 0
92 8 0
94 8 0
96 8 0
98 8 0
100 8 0
-100 6 0
-98 6 0
-96 6 0
-94 6 0
-92 6 0
-90 6 0
-88 6 0
-86 6 0
-84 6 0
-82 6 0
-80 6 0
-78 6 0
-76 6 0
-74 6 0
-72 6 0
-70 6 0
-68 6 0
-66 6 0
-64 6 0
-62 6 0
-60 6 0
-58 6 0
-56 6 0
-54 6 0
-52 6 0
-50 6 0
-48 6 0
-46 6 0
-44 6 0
-42 6 0
-40 6 0
-38 6 0
-36 6 0
-34 6 0
-32 6 0
-30 6 0
-28 6 0
-26 6 0
-24 6 0
-22 6 0
-20 6 0
-18 6 0
-16 6 0
-14 6 0
-12 6 0
-10 6 0
-8 6 0
-6 6 0
-4 6 0
-2 6 0
0 6 0
2 6 1
4 6 1
6 6 1
8 6 1
10 6 1
12 6 1
14 6 1
16 6 1
18 6 1
20 6 1
22 6 1
24 6 1
26 6 1
28 6 1
30 6 1
32 6 1
34 6 1
36 6 1
38 6 1
40 6 0
42 6 0
44 6 0
46 6 0
48 6 0
50 6 0
52 6 0
54 6 0
56 6 0
58 6 0
60 6 0
62 6 0
64 6 0
66 6 0
68 6 0
70 6 0
72 6 0
74 6 0
76 6 0
78 6 0
80 6 0
82 6 0
84 6 0
86 6 0
88 6 0
90 6 0
92 6 0
94 6 0
96 6 0
98 6 0
100 6 0
-100 4 0
-98 4 0
-96 4 0
-94 4 0
-92 4 0
-90 4 0
-88 4 0
-86 4 0
-84 4 0
-82 4 0
-80 4 0
-78 4 0
-76 4 0
-74 4 0
-72 4 0
-70 4 0
-68 4 0
-66 4 0
-64 4 0
-62 4 0
-60 4 0
-58 4 0
-56 4 0
-54 4 0
-52 4 0
-50 4 0
-48 4 0
-46 4 0
-44 4 0
-42 4 0
-40 4 0
-38 4 0
-36 4 0
-34 4 0
-32 4 0
-30 4 0
-28 4 0
-26 4 0
-24 4 0
-22 4 0
-20 4 0
-18 4 0
-16 4 0
-14 4 0
-12 4 0
-10 4 0
-8 4 0
-6 4 0
-4 4 0
-2 4 0
0 4 0
2 4 1
4 4 1
6 4 1
8 4 1
10 4 1
12 4 1
14 4 1
16 4 1
18 4 1
20 4 1
22 4 1
24 4 1
26 4 1
28 4 1
30 4 1
32 4 1
34 4 1
36 4 1
38 4 1
40 4 0
42 4 0
44 4 0
46 4 0
48 4 0
50 4 0
52 4 0
54 4 0
56 4 0
58 4 0
60 4 0
62 4 0
64 4 0
66 4 0
68 4 0
70 4 0
72 4 0
74 4 0
76 4 0
78 4 0
80 4 0
82 4 0
84 4 0
86 4 0
88 4 0
90 4 0
92 4 0
94 4 0
96 4 0
98 4 0
100 4 0
-100 2 0
-98 2 0
-96 2 0
-94 2 0
-92 2 0
-90 2 0
-88 2 0
-86 2 0
-84 2 0
-82 2 0
-80 2 0
-78 2 0
-76 2 0
-74 2 0
-72 2 0
-70 2 0
-68 2 0
-66 2 0
-64 2 0
-62 2 0
-60 2 0
-58 2 0
-56 2 0
-54 2 0
-52 2 0
-50 2 0
-48 2 0
-46 2 0
-44 2 0
-42 2 0
-40 2 0
-38 2 0
-36 2 0
-34 2 0
-32 2 0
-30 2 0
-28 2 0
-26 2 0
-24 2 0
-22 2 0
-20 2 0
-18 2 0
-16 2 0
-14 2 0
-12 2 0
-10 2 0
-8 2 0
-6 2 0
-4 2 0
-2 2 0
0 2 0
2 2 1
4 2 1
6 2 1
8 2 1
10 2 1
12 2 1
14 2 1
16 2 1
18 2 1
20 2 1
22 2 1
24 2 1
26 2 1
28 2 1
30 2 1
32 2 1
34 2 1
36 2 1
38 2 1
40 2 0
42 2 0
44 2 0
46 2 0
48 2 0
50 2 0
52 2 0
54 2 0
56 2 0
58 2 0
60 2 0
62 2 0
64 2 0
66 2 0
68 2 0
70 2 0
72 2 0
74 2 0
76 2 0
78 2 0
80 2 0
82 2 0
84 2 0
86 2 0
88 2 0
90 2 0
92 2 0
94 2 0
96 2 0
98 2 0
100 2 0
-100 0 1
-98 0 1
-96 0 1
-94 0 1
-92 0 1
-90 0 1
-88 0 1
-86 0 1
-84 0 1
-82 0 1
-80 0 1
-78 0 1
-76 0 1
-74 0 1
-72 0 1
-70 0 1
-68 0 1
-66 0 1
-64 0 1
-62 0 1
-60 0 1
-58 0 1
-56 0 1
-54 0 1
-52 0 1
-50 0 1
-48 0 1
-46 0 1
-44 0 1
-42 0 1
-40 0 1
-38 0 1
-36 0 1
-34 0 1
-32 0 1
-30 0 1
-28 0 1
-26 0 1
-24 0 1
-22 0 1
-20 0 1
-18 0 1
-16 0 1
-14 0 1
-12 0 1
-10 0 1
-8 0 1
-6 0 1
-4 0 1
-2 0 1
0 0 1
2 0 1
4 0 1
6 0 1
8 0 1
10 0 1
12 0 1
14 0 1
16 0 1
18 0 1
20 0 1
22 0 1
24 0 1
26 0 1
28 0 1
30 0 1
32 0 1
34 0 1
36 0 1
38 0 1
40 0 1
42 0 1
44 0 1
46 0 1
48 0 1
50 0 1
52 0 1
54 0 1
56 0 1
58 0 1
60 0 1
62 0 1
64 0 1
66 0 1
68 0 1
70 0 1
72 0 1
74 0 1
76 0 1
78 0 1
80 0 1
82 0 1
84 0 1
86 0 1
88 0 1
90 0 1
92 0 1
94 0 1
96 0 1
98 0 1
100 0 1
-100 -2 1
-98 -2 1
-96 -2 1
-94 -2 1
-92 -2 1
-90 -2 1
-88 -2 1
-86 -2 1
-84 -2 1
-82 -2 1
-80 -2 1
-78 -2 1
-76 -2 1
-74 -2 1
-72 -2 1
-70 -2 1
-68 -2 1
-66 -2 1
-64 -2 1
-62 -2 1
-60 -2 1
-58 -2 1
-56 -2 1
-54 -2 1
-52 -2 1
-50 -2 1
-48 -2 1
-46 -2 1
-44 -2 1
-42 -2 1
-40 -2 1
-38 -2 1
-36 -2 1
-34 -2 1
-32 -2 1
-30 -2 1
-28 -2 1
-26 -2 1
-24 -2 1
-22 -2 1
-20 -2 1
-18 -2 1
-16 -2 1
-14 -2 1
-12 -2 1
-10 -2 1
-8 -2 1
-6 -2 1
-4 -2 1
-2 -2 1
0 -2 1
2 -2 1
4 -2 1
6 -2 1
8 -2 1
10 -2 1
12 -2 1
14 -2 1
16 -2 1
18 -2 1
20 -2 1
22 -2 1
24 -2 1
26 -2 1
28 -2 1
30 -2 1
32 -2 1
34 -2 1
36 -2 1
38 -2 1
40 -2 1
42 -2 1
44 -2 1
46 -2 1
48 -2 1
50 -2 1
52 -2 1
54 -2 1
56 -2 1
58 -2 1
60 -2 1
62 -2 1
64 -2 1
66 -2 1
68 -2 1
70 -2 1
72 -2 1
74 -2 1
76 -2 1
78 -2 1
80 -2 1
82 -2 1
84 -2 1
86 -2 1
88 -2 1
90 -2 1
92 -2 1
94 -2 1
96 -2 1
98 -2 1
100 -2 1
-100 -4 1
-98 -4 1
-96 -4 1
-94 -4 1
-92 -4 1
-90 -4 1
-88 -4 1
-86 -4 1
-84 -4 1
-82 -4 1
-80 -4 1
-78 -4 1
-76 -4 1
-74 -4 1
-72 -4 1
-70 -4 1
-68 -4 1
-66 -4 1
-64 -4 1
-62 -4 1
-60 -4 1
-58 -4 1
-56 -4 1
-54 -4 1
-52 -4 1
-50 -4 1
-48 -4 1
-46 -4 1
-44 -4 1
-42 -4 1
-40 -4 1
-38 -4 1
-36 -4 1
-34 -4 1
-32 -4 1
-30 -4 1
-28 -4 1
-26 -4 1
-24 -4 1
-22 -4 1
-20 -4 1
-18 -4 1
-16 -4 1
-14 -4 1
-12 -4 1
-10 -4 1
-8 -4 1
-6 -4 1
-4 -4 1
-2 -4 1
0 -4 1
2 -4 1
4 -4 1
6 -4 1
8 -4 1
10 -4 1
12 -4 1
14 -4 1
16 -4 1
18 -4 1
20 -4 1
22 -4 1
24 -4 1
26 -4 1
28 -4 1
30 -4 1
32 -4 1
34 -4 1
36 -4 1
38 -4 1
40 -4 1
42 -4 1
44 -4 1
46 -4 1
48 -4 1
50 -4 1
52 -4 1
54 -4 1
56 -4 1
58 -4 1
60 -4 1
62 -4 1
64 -4 1
66 -4 1
68 -4 1
70 -4 1
72 -4 1
74 -4 1
76 -4 1
78 -4 1
80 -4 1
82 -4 1
84 -4 1
86 -4 1
88 -4 1
90 -4 1
92 -4 1
94 -4 1
96 -4 1
98 -4 1
100 -4 1
-100 -6 1
-98 -6 1
-96 -6 1
-94 -6 1
-92 -6 1
-90 -6 1
-88 -6 1
-86 -6 1
-84 -6 1
-82 -6 1
-80 -6 1
-78 -6 1
-76 -6 1
-74 -6 1
-72 -6 1
-70 -6 1
-68 -6 1
-66 -6 1
-64 -6 1
-62 -6 1
-60 -6 1
-58 -6 1
-56 -6 1
-54 -6 1
-52 -6 1
-50 -6 1
-48 -6 1
-46 -6 1
-44 -6 1
-42 -6 1
-40 -6 1
-38 -6 1
-36 -6 1
-34 -6 1
-32 -6 1
-30 -6 1
-28 -6 1
-26 -6 1
-24 -6 1
-22 -6 1
-20 -6 1
-18 -6 1
-16 -6 1
-14 -6 1
-12 -6 1
-10 -6 1
-8 -6 1
-6 -6 1
-4 -6 1
-2 -6 1
0 -6 1
2 -6 1
4 -6 1
6 -6 1
8 -6 1
10 -6 1
12 -6 1
14 -6 1
16 -6 1
18 -6 1
20 -6 1
22 -6 1
24 -6 1
26 -6 1
28 -6 1
30 -6 1
32 -6 1
34 -6 1
36 -6 1
38 -6 1
40 -6 1
42 -6 1
44 -6 1
46 -6 1
48 -6 1
50 -6 1
52 -6 1
54 -6 1
56 -6 1
58 -6 1
60 -6 1
62 -6 1
64 -6 1
66 -6 1
68 -6 1
70 -6 1
72 -6 1
74 -6 1
76 -6 1
78 -6 1
80 -6 1
82 -6 1
84 -6 1
86 -6 1
88 -6 1
90 -6 1
92 -6 1
94 -6 1
96 -6 1
98 -6 1
100 -6 1
-100 -8 1
-98 -8 1
-96 -8 1
-94 -8 1
-92 -8 1
-90 -8 1
-88 -8 1
-86 -8 1
-84 -8 1
-82 -8 1
-80 -8 1
-78 -8 1
-76 -8 1
-74 -8 1
-72 -8 1
-70 -8 1
-68 -8 1
-66 -8 1
-64 -8 1
-62 -8 1
-60 -8 1
-58 -8 1
-56 -8 1
-54 -8 1
-52 -8 1
-50 -8 1
-48 -8 1
-46 -8 1
-44 -8 1
-42 -8 1
-40 -8 1
-38 -8 1
-36 -8 1
-34 -8 1
-32 -8 1
-30 -8 1
-28 -8 1
-26 -8 1
-24 -8 1
-22 -8 1
-20 -8 1
-18 -8 1
-16 -8 1
-14 -8 1
-12 -8 1
-10 -8 1
-8 -8 1
-6 -8 1
-4 -8 1
-2 -8 1
0 -8 1
2 -8 1
4 -8 1
6 -8 1
8 -8 1
10 -8 1
12 -8 1
14 -8 1
16 -8 1
18 -8 1
20 -8 1
22 -8 1
24 -8 1
26 -8 1
28 -8 1
30 -8 1
32 -8 1
34 -8 1
36 -8 1
38 -8 1
40 -8 1
42 -8 1
44 -8 1
46 -8 1
48 -8 1
50 -8 1
52 -8 1
54 -8 1
56 -8 1
58 -8 1
60 -8 1
62 -8 1
64 -8 1
66 -8 1
68 -8 1
70 -8 1
72 -8 1
74 -8 1
76 -8 1
78 -8 1
80 -8 1
82 -8 1
84 -8 1
86 -8 1
88 -8 1
90 -8 1
92 -8 1
94 -8 1
96 -8 1
98 -8 1
100 -8 1
-100 -10 1
-98 -10 1
-96 -10 1
-94 -10 1
-92 -10 1
-90 -10 1
-88 -10 1
-86 -10 1
-84 -10 1
-82 -10 1
-80 -10 1
-78 -10 1
-76 -10 1
-74 -10 1
-72 -10 1
-70 -10 1
-68 -10 1
-66 -10 1
-64 -10 1
-62 -10 1
-60 -10 1
-58 -10 1
-56 -10 1
-54 -10 1
-52 -10 1
-50 -10 1
-48 -10 1
-46 -10 1
-44 -10 1
-42 -10 1
-40 -10 1
-38 -10 1
-36 -10 1
-34 -10 1
-32 -10 1
-30 -10 1
-28 -10 1
-26 -10 1
-24 -10 1
-22 -10 1
-20 -10 1
-18 -10 1
-16 -10 1
-14 -10 1
-12 -10 1
-10 -10 1
-8 -10 1
-6 -10 1
-4 -10 1
-2 -10 1
0 -10 1
2 -10 1
4 -10 1
6 -10 1
8 -10 1
10 -10 1
12 -10 1
14 -10 1
16 -10 1
18 -10 1
20 -10 1
22 -10 1
24 -10 1
26 -10 1
28 -10 1
30 -10 1
32 -10 1
34 -10 1
36 -10 1
38 -10 1
40 -10 1
42 -10 1
44 -10 1
46 -10 1
48 -10 1
50 -10 1
52 -10 1
54 -10 1
56 -10 1
58 -10 1
60 -10 1
62 -10 1
64 -10 1
66 -10 1
68 -10 1
70 -10 1
72 -10 1
74 -10 1
76 -10 1
78 -10 1
80 -10 1
82 -10 1
84 -10 1
86 -10 1
88 -10 1
90 -10 1
92 -10 1
94 -10 1
96 -10 1
98 -10 1
100 -10 1
-100 -12 1
-98 -12 1
-96 -12 1
-94 -12 1
-92 -12 1
-90 -12 1
-88 -12 1
-86 -12 1
-84 -12 1
-82 -12 1
-80 -12 1
-78 -12 1
-76 -12 1
-74 -12 1
-72 -12 1
-70 -12 1
-68 -12 1
-66 -12 1
-64 -12 1
-62 -12 1
-60 -12 1
-58 -12 1
-56 -12 1
-54 -12 1
-52 -12 1
-50 -12 1
-48 -12 1
-46 -12 1
-44 -12 1
-42 -12 1
-40 -12 1
-38 -12 1
-36 -12 1
-34 -12 1
-32 -12 1
-30 -12 1
-28 -12 1
-26 -12 1
-24 -12 1
-22 -12 1
-20 -12 1
-18 -12 1
-16 -12 1
-14 -12 1
-12 -12 1
-10 -12 1
-8 -12 1
-6 -12 1
-4 -12 1
-2 -12 1
0 -12 1
2 -12 1
4 -12 1
6 -12 1
8 -12 1
10 -12 1
12 -12 1
14 -12 1
16 -12 1
18 -12 1
20 -12 1
22 -12 1
24 -12 1
26 -12 1
28 -12 1
30 -12 1
32 -12 1
34 -12 1
36 -12 1
38 -12 1
40 -12 1
42 -12 1
44 -12 1
46 -12 1
48 -12 1
50 -12 1
52 -12 1
54 -12 1
56 -12 1
58 -12 1
60 -12 1
62 -12 1
64 -12 1
66 -12 1
68 -12 1
70 -12 1
72 -12 1
74 -12 1
76 -12 1
78 -12 1
80 -12 1
82 -12 1
84 -12 1
86 -12 1
88 -12 1
90 -12 1
92 -12 1
94 -12 1
96 -12 1
98 -12 1
100 -12 1
-100 -14 1
-98 -14 1
-96 -14 1
-94 -14 1
-92 -14 1
-90 -14 1
-88 -14 1
-86 -14 1
-84 -14 1
-82 -14 1
-80 -14 1
-78 -14 1
-76 -14 1
-74 -14 1
-72 -14 1
-70 -14 1
-68 -14 1
-66 -14 1
-64 -14 1
-62 -14 1
-60 -14 1
-58 -14 1
-56 -14 1
-54 -14 1
-52 -14 1
-50 -14 1
-48 -14 1
-46 -14 1
-44 -14 1
-42 -14 1
-40 -14 1
-38 -14 1
-36 -14 1
-34 -14 1
-32 -14 1
-30 -14 1
-28 -14 1
-26 -14 1
-24 -14 1
-22 -14 1
-20 -14 1
-18 -14 1
-16 -14 1
-14 -14 1
-12 -14 1
-10 -14 1
-8 -14 1
-6 -14 1
-4 -14 1
-2 -14 1
0 -14 1
2 -14 1
4 -14 1
6 -14 1
8 -14 1
10 -14 1
12 -14 1
14 -14 1
16 -14 1
18 -14 1
20 -14 1
22 -14 1
24 -14 1
26 -14 1
28 -14 1
30 -14 1
32 -14 1
34 -14 1
36 -14 1
38 -14 1
40 -14 1
42 -14 1
44 -14 1
46 -14 1
48 -14 1
50 -14 1
52 -14 1
54 -14 1
56 -14 1
58 -14 1
60 -14 1
62 -14 1
64 -14 1
66 -14 1
68 -14 1
70 -14 1
72 -14 1
74 -14 1
76 -14 1
78 -14 1
80 -14 1
82 -14 1
84 -14 1
86 -14 1
88 -14 1
90 -14 1
92 -14 1
94 -14 1
96 -14 1
98 -14 1
100 -14 1
-100 -16 1
-98 -16 1
-96 -16 1
-94 -16 1
-92 -16 1
-90 -16 1
-88 -16 1
-86 -16 1
-84 -16 1
-82 -16 1
-80 -16 1
-78 -16 1
-76 -16 1
-74 -16 1
-72 -16 1
-70 -16 1
-68 -16 1
-66 -16 1
-64 -16 1
-62 -16 1
-60 -16 1
-58 -16 1
-56 -16 1
-54 -16 1
-52 -16 1
-50 -16 1
-48 -16 1
-46 -16 1
-44 -16 1
-42 -16 1
-40 -16 1
-38 -16 1
-36 -16 1
-34 -16 1
-32 -16 1
-30 -16 1
-28 -16 1
-26 -16 1
-24 -16 1
-22 -16 1
-20 -16 1
-18 -16 1
-16 -16 1
-14 -16 1
-12 -16 1
-10 -16 1
-8 -16 1
-6 -16 1
-4 -16 1
-2 -16 1
0 -16 1
2 -16 1
4 -16 1
6 -16 1
8 -16 1
10 -16 1
12 -16 1
14 -16 1
16 -16 1
18 -16 1
20 -16 1
22 -16 1
24 -16 1
26 -16 1
28 -16 1
30 -16 1
32 -16 1
34 -16 1
36 -16 1
38 -16 1
40 -16 1
42 -16 1
44 -16 1
46 -16 1
48 -16 1
50 -16 1
52 -16 1
54 -16 1
56 -16 1
58 -16 1
60 -16 1
62 -16 1
64 -16 1
66 -16 1
68 -16 1
70 -16 1
72 -16 1
74 -16 1
76 -16 1
78 -16 1
80 -16 1
82 -16 1
84 -16 1
86 -16 1
88 -16 1
90 -16 1
92 -16 1
94 -16 1
96 -16 1
98 -16 1
100 -16 1
-100 -18 1
-98 -18 1
-96 -18 1
-94 -18 1
-92 -18 1
-90 -18 1
-88 -18 1
-86 -18 1
-84 -18 1
-82 -18 1
-80 -18 1
-78 -18 1
-76 -18 1
-74 -18 1
-72 -18 1
-70 -18 1
-68 -18 1
-66 -18 1
-64 -18 1
-62 -18 1
-60 -18 1
-58 -18 1
-56 -18 1
-54 -18 1
-52 -18 1
-50 -18 1
-48 -18 1
-46 -18 1
-44 -18 1
-42 -18 1
-40 -18 1
-38 -18 1
-36 -18 1
-34 -18 1
-32 -18 1
-30 -18 1
-28 -18 1
-26 -18 1
-24 -18 1
-22 -18 1
-20 -18 1
-18 -18 1
-16 -18 1
-14 -18 1
-12 -18 1
-10 -18 1
-8 -18 1
-6 -18 1
-4 -18 1
-2 -18 1
0 -18 1
2 -18 1
4 -18 1
6 -18 1
8 -18 1
10 -18 1
12 -18 1
14 -18 1
16 -18 1
18 -18 1
20 -18 1
22 -18 1
24 -18 1
26 -18 1
28 -18 1
30 -18 1
32 -18 1
34 -18 1
36 -18 1
38 -18 1
40 -18 1
42 -18 1
44 -18 1
46 -18 1
48 -18 1
50 -18 1
52 -18 1
54 -18 1
56 -18 1
58 -18 1
60 -18 1
62 -18 1
64 -18 1
66 -18 1
68 -18 1
70 -18 1
72 -18 1
74 -18 1
76 -18 1
78 -18 1
80 -18 1
82 -18 1
84 -18 1
86 -18 1
88 -18 1
90 -18 1
92 -18 1
94 -18 1
96 -18 1
98 -18 1
100 -18 1
-100 -20 1
-98 -20 1
-96 -20 1
-94 -20 1
-92 -20 1
-90 -20 1
-88 -20 1
-86 -20 1
-84 -20 1
-82 -20 1
-80 -20 1
-78 -20 1
-76 -20 1
-74 -20 1
-72 -20 1
-70 -20 1
-68 -20 1
-66 -20 1
-64 -20 1
-62 -20 1
-60 -20 1
-58 -20 1
-56 -20 1
-54 -20 1
-52 -20 1
-50 -20 1
-48 -20 1
-46 -20 1
-44 -20 1
-42 -20 1
-40 -20 1
-38 -20 1
-36 -20 1
-34 -20 1
-32 -20 1
-30 -20 1
-28 -20 1
-26 -20 1
-24 -20 1
-22 -20 1
-20 -20 1
-18 -20 1
-16 -20 1
-14 -20 1
-12 -20 1
-10 -20 1
-8 -20 1
-6 -20 1
-4 -20 1
-2 -20 1
0 -20 1
2 -20 1
4 -20 1
6 -20 1
8 -20 1
10 -20 1
12 -20 1
14 -20 1
16 -20 1
18 -20 1
20 -20 1
22 -20 1
24 -20 1
26 -20 1
28 -20 1
30 -20 1
32 -20 1
34 -20 1
36 -20 1
38 -20 1
40 -20 1
42 -20 1
44 -20 1
46 -20 1
48 -20 1
50 -20 1
52 -20 1
54 -20 1
56 -20 1
58 -20 1
60 -20 1
62 -20 1
64 -20 1
66 -20 1
68 -20 1
70 -20 1
72 -20 1
74 -20 1
76 -20 1
78 -20 1
80 -20 1
82 -20 1
84 -20 1
86 -20 1
88 -20 1
90 -20 1
92 -20 1
94 -20 1
96 -20 1
98 -20 1
100 -20 1
-100 -22 1
-98 -22 1
-96 -22 1
-94 -22 1
-92 -22 1
-90 -22 1
-88 -22 1
-86 -22 1
-84 -22 1
-82 -22 1
-80 -22 1
-78 -22 1
-76 -22 1
-74 -22 1
-72 -22 1
-70 -22 1
-68 -22 1
-66 -22 1
-64 -22 1
-62 -22 1
-60 -22 1
-58 -22 1
-56 -22 1
-54 -22 1
-52 -22 1
-50 -22 1
-48 -22 1
-46 -22 1
-44 -22 1
-42 -22 1
-40 -22 1
-38 -22 1
-36 -22 1
-34 -22 1
-32 -22 1
-30 -22 1
-28 -22 1
-26 -22 1
-24 -22 1
-22 -22 1
-20 -22 1
-18 -22 1
-16 -22 1
-14 -22 1
-12 -22 1
-10 -22 1
-8 -22 1
-6 -22 1
-4 -22 1
-2 -22 1
0 -22 1
2 -22 1
4 -22 1
6 -22 1
8 -22 1
10 -22 1
12 -22 1
14 -22 1
16 -22 1
18 -22 1
20 -22 1
22 -22 1
24 -22 1
26 -22 1
28 -22 1
30 -22 1
32 -22 1
34 -22 1
36 -22 1
38 -22 1
40 -22 1
42 -22 1
44 -22 1
46 -22 1
48 -22 1
50 -22 1
52 -22 1
54 -22 1
56 -22 1
58 -22 1
60 -22 1
62 -22 1
64 -22 1
66 -22 1
68 -22 1
70 -22 1
72 -22 1
74 -22 1
76 -22 1
78 -22 1
80 -22 1
82 -22 1
84 -22 1
86 -22 1
88 -22 1
90 -22 1
92 -22 1
94 -22 1
96 -22 1
98 -22 1
100 -22 1
-100 -24 1
-98 -24 1
-96 -24 1
-94 -24 1
-92 -24 1
-90 -24 1
-88 -24 1
-86 -24 1
-84 -24 1
-82 -24 1
-80 -24 1
-78 -24 1
-76 -24 1
-74 -24 1
-72 -24 1
-70 -24 1
-68 -24 1
-66 -24 1
-64 -24 1
-62 -24 1
-60 -24 1
-58 -24 1
-56 -24 1
-54 -24 1
-52 -24 1
-50 -24 1
-48 -24 1
-46 -24 1
-44 -24 1
-42 -24 1
-40 -24 1
-38 -24 1
-36 -24 1
-34 -24 1
-32 -24 1
-30 -24 1
-28 -24 1
-26 -24 1
-24 -24 1
-22 -24 1
-20 -24 1
-18 -24 1
-16 -24 1
-14 -24 1
-12 -24 1
-10 -24 1
-8 -24 1
-6 -24 1
-4 -24 1
-2 -24 1
0 -24 1
2 -24 1
4 -24 1
6 -24 1
8 -24 1
10 -24 1
12 -24 1
14 -24 1
16 -24 1
18 -24 1
20 -24 1
22 -24 1
24 -24 1
26 -24 1
28 -24 1
30 -24 1
32 -24 1
34 -24 1
36 -24 1
38 -24 1
40 -24 1
42 -24 1
44 -24 1
46 -24 1
48 -24 1
50 -24 1
52 -24 1
54 -24 1
56 -24 1
58 -24 1
60 -24 1
62 -24 1
64 -24 1
66 -24 1
68 -24 1
70 -24 1
72 -24 1
74 -24 1
76 -24 1
78 -24 1
80 -24 1
82 -24 1
84 -24 1
86 -24 1
88 -24 1
90 -24 1
92 -24 1
94 -24 1
96 -24 1
98 -24 1
100 -24 1
-100 -26 1
-98 -26 1
-96 -26 1
-94 -26 1
-92 -26 1
-90 -26 1
-88 -26 1
-86 -26 1
-84 -26 1
-82 -26 1
-80 -26 1
-78 -26 1
-76 -26 1
-74 -26 1
-72 -26 1
-70 -26 1
-68 -26 1
-66 -26 1
-64 -26 1
-62 -26 1
-60 -26 1
-58 -26 1
-56 -26 1
-54 -26 1
-52 -26 1
-50 -26 1
-48 -26 1
-46 -26 1
-44 -26 1
-42 -26 1
-40 -26 1
-38 -26 1
-36 -26 1
-34 -26 1
-32 -26 1
-30 -26 1
-28 -26 1
-26 -26 1
-24 -26 1
-22 -26 1
-20 -26 1
-18 -26 1
-16 -26 1
-14 -26 1
-12 -26 1
-10 -26 1
-8 -26 1
-6 -26 1
-4 -26 1
-2 -26 1
0 -26 1
2 -26 1
4 -26 1
6 -26 1
8 -26 1
10 -26 1
12 -26 1
14 -26 1
16 -26 1
18 -26 1
20 -26 1
22 -26 1
24 -26 1
26 -26 1
28 -26 1
30 -26 1
32 -26 1
34 -26 1
36 -26 1
38 -26 1
40 -26 1
42 -26 1
44 -26 1
46 -26 1
48 -26 1
50 -26 1
52 -26 1
54 -26 1
56 -26 1
58 -26 1
60 -26 1
62 -26 1
64 -26 1
66 -26 1
68 -26 1
70 -26 1
72 -26 1
74 -26 1
76 -26 1
78 -26 1
80 -26 1
82 -26 1
84 -26 1
86 -26 1
88 -26 1
90 -26 1
92 -26 1
94 -26 1
96 -26 1
98 -26 1
100 -26 1
-100 -28 1
-98 -28 1
-96 -28 1
-94 -28 1
-92 -28 1
-90 -28 1
-88 -28 1
-86 -28 1
-84 -28 1
-82 -28 1
-80 -28 1
-78 -28 1
-76 -28 1
-74 -28 1
-72 -28 1
-70 -28 1
-68 -28 1
-66 -28 1
-64 -28 1
-62 -28 1
-60 -28 1
-58 -28 1
-56 -28 1
-54 -28 1
-52 -28 1
-50 -28 1
-48 -28 1
-46 -28 1
-44 -28 1
-42 -28 1
-40 -28 1
-38 -28 1
-36 -28 1
-34 -28 1
-32 -28 1
-30 -28 1
-28 -28 1
-26 -28 1
-24 -28 1
-22 -28 1
-20 -28 1
-18 -28 1
-16 -28 1
-14 -28 1
-12 -28 1
-10 -28 1
-8 -28 1
-6 -28 1
-4 -28 1
-2 -28 1
0 -28 1
2 -28 1
4 -28 1
6 -28 1
8 -28 1
10 -28 1
12 -28 1
14 -28 1
16 -28 1
18 -28 1
20 -28 1
22 -28 1
24 -28 1
26 -28 1
28 -28 1
30 -28 1
32 -28 1
34 -28 1
36 -28 1
38 -28 1
40 -28 1
42 -28 1
44 -28 1
46 -28 1
48 -28 1
50 -28 1
52 -28 1
54 -28 1
56 -28 1
58 -28 1
60 -28 1
62 -28 1
64 -28 1
66 -28 1
68 -28 1
70 -28 1
72 -28 1
74 -28 1
76 -28 1
78 -28 1
80 -28 1
82 -28 1
84 -28 1
86 -28 1
88 -28 1
90 -28 1
92 -28 1
94 -28 1
96 -28 1
98 -28 1
100 -28 1
-100 -30 1
-98 -30 1
-96 -30 1
-94 -30 1
-92 -30 1
-90 -30 1
-88 -30 1
-86 -30 1
-84 -30 1
-82 -30 1
-80 -30 1
-78 -30 1
-76 -30 1
-74 -30 1
-72 -30 1
-70 -30 1
-68 -30 1
-66 -30 1
-64 -30 1
-62 -30 1
-60 -30 1
-58 -30 1
-56 -30 1
-54 -30 1
-52 -30 1
-50 -30 1
-48 -30 1
-46 -30 1
-44 -30 1
-42 -30 1
-40 -30 1
-38 -30 1
-36 -30 1
-34 -30 1
-32 -30 1
-30 -30 1
-28 -30 1
-26 -30 1
-24 -30 1
-22 -30 1
-20 -30 1
-18 -30 1
-16 -30 1
-14 -30 1
-12 -30 1
-10 -30 1
-8 -30 1
-6 -30 1
-4 -30 1
-2 -30 1
0 -30 1
2 -30 1
4 -30 1
6 -30 1
8 -30 1
10 -30 1
12 -30 1
14 -30 1
16 -30 1
18 -30 1
20 -30 1
22 -30 1
24 -30 1
26 -30 1
28 -30 1
30 -30 1
32 -30 1
34 -30 1
36 -30 1
38 -30 1
40 -30 1
42 -30 1
44 -30 1
46 -30 1
48 -30 1
50 -30 1
52 -30 1
54 -30 1
56 -30 1
58 -30 1
60 -30 1
62 -30 1
64 -30 1
66 -30 1
68 -30 1
70 -30 1
72 -30 1
74 -30 1
76 -30 1
78 -30 1
80 -30 1
82 -30 1
84 -30 1
86 -30 1
88 -30 1
90 -30 1
92 -30 1
94 -30 1
96 -30 1
98 -30 1
100 -30 1
-100 -32 1
-98 -32 1
-96 -32 1
-94 -32 1
-92 -32 1
-90 -32 1
-88 -32 1
-86 -32 1
-84 -32 1
-82 -32 1
-80 -32 1
-78 -32 1
-76 -32 1
-74 -32 1
-72 -32 1
-70 -32 1
-68 -32 1
-66 -32 1
-64 -32 1
-62 -32 1
-60 -32 1
-58 -32 1
-56 -32 1
-54 -32 1
-52 -32 1
-50 -32 1
-48 -32 1
-46 -32 1
-44 -32 1
-42 -32 1
-40 -32 1
-38 -32 1
-36 -32 1
-34 -32 1
-32 -32 1
-30 -32 1
-28 -32 1
-26 -32 1
-24 -32 1
-22 -32 1
-20 -32 1
-18 -32 1
-16 -32 1
-14 -32 1
-12 -32 1
-10 -32 1
-8 -32 1
-6 -32 1
-4 -32 1
-2 -32 1
0 -32 1
2 -32 1
4 -32 1
6 -32 1
8 -32 1
10 -32 1
12 -32 1
14 -32 1
16 -32 1
18 -32 1
20 -32 1
22 -32 1
24 -32 1
26 -32 1
28 -32 1
30 -32 1
32 -32 1
34 -32 1
36 -32 1
38 -32 1
40 -32 1
42 -32 1
44 -32 1
46 -32 1
48 -32 1
50 -32 1
52 -32 1
54 -32 1
56 -32 1
58 -32 1
60 -32 1
62 -32 1
64 -32 1
66 -32 1
68 -32 1
70 -32 1
72 -32 1
74 -32 1
76 -32 1
78 -32 1
80 -32 1
82 -32 1
84 -32 1
86 -32 1
88 -32 1
90 -32 1
92 -32 1
94 -32 1
96 -32 1
98 -32 1
100 -32 1
-100 -34 1
-98 -34 1
-96 -34 1
-94 -34 1
-92 -34 1
-90 -34 1
-88 -34 1
-86 -34 1
-84 -34 1
-82 -34 1
-80 -34 1
-78 -34 1
-76 -34 1
-74 -34 1
-72 -34 1
-70 -34 1
-68 -34 1
-66 -34 1
-64 -34 1
-62 -34 1
-60 -34 1
-58 -34 1
-56 -34 1
-54 -34 1
-52 -34 1
-50 -34 1
-48 -34 1
-46 -34 1
-44 -34 1
-42 -34 1
-40 -34 1
-38 -34 1
-36 -34 1
-34 -34 1
-32 -34 1
-30 -34 1
-28 -34 1
-26 -34 1
-24 -34 1
-22 -34 1
-20 -34 1
-18 -34 1
-16 -34 1
-14 -34 1
-12 -34 1
-10 -34 1
-8 -34 1
-6 -34 1
-4 -34 1
-2 -34 1
0 -34 1
2 -34 1
4 -34 1
6 -34 1
8 -34 1
10 -34 1
12 -34 1
14 -34 1
16 -34 1
18 -34 1
20 -34 1
22 -34 1
24 -34 1
26 -34 1
28 -34 1
30 -34 1
32 -34 1
34 -34 1
36 -34 1
38 -34 1
40 -34 1
42 -34 1
44 -34 1
46 -34 1
48 -34 1
50 -34 1
52 -34 1
54 -34 1
56 -34 1
58 -34 1
60 -34 1
62 -34 1
64 -34 1
66 -34 1
68 -34 1
70 -34 1
72 -34 1
74 -34 1
76 -34 1
78 -34 1
80 -34 1
82 -34 1
84 -34 1
86 -34 1
88 -34 1
90 -34 1
92 -34 1
94 -34 1
96 -34 1
98 -34 1
100 -34 1
-100 -36 1
-98 -36 1
-96 -36 1
-94 -36 1
-92 -36 1
-90 -36 1
-88 -36 1
-86 -36 1
-84 -36 1
-82 -36 1
-80 -36 1
-78 -36 1
-76 -36 1
-74 -36 1
-72 -36 1
-70 -36 1
-68 -36 1
-66 -36 1
-64 -36 1
-62 -36 1
-60 -36 1
-58 -36 1
-56 -36 1
-54 -36 1
-52 -36 1
-50 -36 1
-48 -36 1
-46 -36 1
-44 -36 1
-42 -36 1
-40 -36 1
-38 -36 1
-36 -36 1
-34 -36 1
-32 -36 1
-30 -36 1
-28 -36 1
-26 -36 1
-24 -36 1
-22 -36 1
-20 -36 1
-18 -36 1
-16 -36 1
-14 -36 1
-12 -36 1
-10 -36 1
-8 -36 1
-6 -36 1
-4 -36 1
-2 -36 1
0 -36 1
2 -36 1
4 -36 1
6 -36 1
8 -36 1
10 -36 1
12 -36 1
14 -36 1
16 -36 1
18 -36 1
20 -36 1
22 -36 1
24 -36 1
26 -36 1
28 -36 1
30 -36 1
32 -36 1
34 -36 1
36 -36 1
38 -36 1
40 -36 1
42 -36 1
44 -36 1
46 -36 1
48 -36 1
50 -36 1
52 -36 1
54 -36 1
56 -36 1
58 -36 1
60 -36 1
62 -36 1
64 -36 1
66 -36 1
68 -36 1
70 -36 1
72 -36 1
74 -36 1
76 -36 1
78 -36 1
80 -36 1
82 -36 1
84 -36 1
86 -36 1
88 -36 1
90 -36 1
92 -36 1
94 -36 1
96 -36 1
98 -36 1
100 -36 1
-100 -38 1
-98 -38 1
-96 -38 1
-94 -38 1
-92 -38 1
-90 -38 1
-88 -38 1
-86 -38 1
-84 -38 1
-82 -38 1
-80 -38 1
-78 -38 1
-76 -38 1
-74 -38 1
-72 -38 1
-70 -38 1
-68 -38 1
-66 -38 1
-64 -38 1
-62 -38 1
-60 -38 1
-58 -38 1
-56 -38 1
-54 -38 1
-52 -38 1
-50 -38 1
-48 -38 1
-46 -38 1
-44 -38 1
-42 -38 1
-40 -38 1
-38 -38 1
-36 -38 1
-34 -38 1
-32 -38 1
-30 -38 1
-28 -38 1
-26 -38 1
-24 -38 1
-22 -38 1
-20 -38 1
-18 -38 1
-16 -38 1
-14 -38 1
-12 -38 1
-10 -38 1
-8 -38 1
-6 -38 1
-4 -38 1
-2 -38 1
0 -38 1
2 -38 1
4 -38 1
6 -38 1
8 -38 1
10 -38 1
12 -38 1
14 -38 1
16 -38 1
18 -38 1
20 -38 1
22 -38 1
24 -38 1
26 -38 1
28 -38 1
30 -38 1
32 -38 1
34 -38 1
36 -38 1
38 -38 1
40 -38 1
42 -38 1
44 -38 1
46 -38 1
48 -38 1
50 -38 1
52 -38 1
54 -38 1
56 -38 1
58 -38 1
60 -38 1
62 -38 1
64 -38 1
66 -38 1
68 -38 1
70 -38 1
72 -38 1
74 -38 1
76 -38 1
78 -38 1
80 -38 1
82 -38 1
84 -38 1
86 -38 1
88 -38 1
90 -38 1
92 -38 1
94 -38 1
96 -38 1
98 -38 1
100 -38 1
-100 -40 1
-98 -40 1
-96 -40 1
-94 -40 1
-92 -40 1
-90 -40 1
-88 -40 1
-86 -40 1
-84 -40 1
-82 -40 1
-80 -40 1
-78 -40 1
-76 -40 1
-74 -40 1
-72 -40 1
-70 -40 1
-68 -40 1
-66 -40 1
-64 -40 1
-62 -40 1
-60 -40 1
-58 -40 1
-56 -40 1
-54 -40 1
-52 -40 1
-50 -40 1
-48 -40 1
-46 -40 1
-44 -40 1
-42 -40 1
-40 -40 1
-38 -40 1
-36 -40 1
-34 -40 1
-32 -40 1
-30 -40 1
-28 -40 1
-26 -40 1
-24 -40 1
-22 -40 1
-20 -40 1
-18 -40 1
-16 -40 1
-14 -40 1
-12 -40 1
-10 -40 1
-8 -40 1
-6 -40 1
-4 -40 1
-2 -40 1
0 -40 1
2 -40 1
4 -40 1
6 -40 1
8 -40 1
10 -40 1
12 -40 1
14 -40 1
16 -40 1
18 -40 1
20 -40 1
22 -40 1
24 -40 1
26 -40 1
28 -40 1
30 -40 1
32 -40 1
34 -40 1
36 -40 1
38 -40 1
40 -40 1
42 -40 1
44 -40 1
46 -40 1
48 -40 1
50 -40 1
52 -40 1
54 -40 1
56 -40 1
58 -40 1
60 -40 1
62 -40 1
64 -40 1
66 -40 1
68 -40 1
70 -40 1
72 -40 1
74 -40 1
76 -40 1
78 -40 1
80 -40 1
82 -40 1
84 -40 1
86 -40 1
88 -40 1
90 -40 1
92 -40 1
94 -40 1
96 -40 1
98 -40 1
100 -40 1
-100 -42 1
-98 -42 1
-96 -42 1
-94 -42 1
-92 -42 1
-90 -42 1
-88 -42 1
-86 -42 1
-84 -42 1
-82 -42 1
-80 -42 1
-78 -42 1
-76 -42 1
-74 -42 1
-72 -42 1
-70 -42 1
-68 -42 1
-66 -42 1
-64 -42 1
-62 -42 1
-60 -42 1
-58 -42 1
-56 -42 1
-54 -42 1
-52 -42 1
-50 -42 1
-48 -42 1
-46 -42 1
-44 -42 1
-42 -42 1
-40 -42 1
-38 -42 1
-36 -42 1
-34 -42 1
-32 -42 1
-30 -42 1
-28 -42 1
-26 -42 1
-24 -42 1
-22 -42 1
-20 -42 1
-18 -42 1
-16 -42 1
-14 -42 1
-12 -42 1
-10 -42 1
-8 -42 1
-6 -42 1
-4 -42 1
-2 -42 1
0 -42 1
2 -42 1
4 -42 1
6 -42 1
8 -42 1
10 -42 1
12 -42 1
14 -42 1
16 -42 1
18 -42 1
20 -42 1
22 -42 1
24 -42 1
26 -42 1
28 -42 1
30 -42 1
32 -42 1
34 -42 1
36 -42 1
38 -42 1
40 -42 1
42 -42 1
44 -42 1
46 -42 1
48 -42 1
50 -42 1
52 -42 1
54 -42 1
56 -42 1
58 -42 1
60 -42 1
62 -42 1
64 -42 1
66 -42 1
68 -42 1
70 -42 1
72 -42 1
74 -42 1
76 -42 1
78 -42 1
80 -42 1
82 -42 1
84 -42 1
86 -42 1
88 -42 1
90 -42 1
92 -42 1
94 -42 1
96 -42 1
98 -42 1
100 -42 1
-100 -44 1
-98 -44 1
-96 -44 1
-94 -44 1
-92 -44 1
-90 -44 1
-88 -44 1
-86 -44 1
-84 -44 1
-82 -44 1
-80 -44 1
-78 -44 1
-76 -44 1
-74 -44 1
-72 -44 1
-70 -44 1
-68 -44 1
-66 -44 1
-64 -44 1
-62 -44 1
-60 -44 1
-58 -44 1
-56 -44 1
-54 -44 1
-52 -44 1
-50 -44 1
-48 -44 1
-46 -44 1
-44 -44 1
-42 -44 1
-40 -44 1
-38 -44 1
-36 -44 1
-34 -44 1
-32 -44 1
-30 -44 1
-28 -44 1
-26 -44 1
-24 -44 1
-22 -44 1
-20 -44 1
-18 -44 1
-16 -44 1
-14 -44 1
-12 -44 1
-10 -44 1
-8 -44 1
-6 -44 1
-4 -44 1
-2 -44 1
0 -44 1
2 -44 1
4 -44 1
6 -44 1
8 -44 1
10 -44 1
12 -44 1
14 -44 1
16 -44 1
18 -44 1
20 -44 1
22 -44 1
24 -44 1
26 -44 1
28 -44 1
30 -44 1
32 -44 1
34 -44 1
36 -44 1
38 -44 1
40 -44 1
42 -44 1
44 -44 1
46 -44 1
48 -44 1
50 -44 1
52 -44 1
54 -44 1
56 -44 1
58 -44 1
60 -44 1
62 -44 1
64 -44 1
66 -44 1
68 -44 1
70 -44 1
72 -44 1
74 -44 1
76 -44 1
78 -44 1
80 -44 1
82 -44 1
84 -44 1
86 -44 1
88 -44 1
90 -44 1
92 -44 1
94 -44 1
96 -44 1
98 -44 1
100 -44 1
-100 -46 1
-98 -46 1
-96 -46 1
-94 -46 1
-92 -46 1
-90 -46 1
-88 -46 1
-86 -46 1
-84 -46 1
-82 -46 1
-80 -46 1
-78 -46 1
-76 -46 1
-74 -46 1
-72 -46 1
-70 -46 1
-68 -46 1
-66 -46 1
-64 -46 1
-62 -46 1
-60 -46 1
-58 -46 1
-56 -46 1
-54 -46 1
-52 -46 1
-50 -46 1
-48 -46 1
-46 -46 1
-44 -46 1
-42 -46 1
-40 -46 1
-38 -46 1
-36 -46 1
-34 -46 1
-32 -46 1
-30 -46 1
-28 -46 1
-26 -46 1
-24 -46 1
-22 -46 1
-20 -46 1
-18 -46 1
-16 -46 1
-14 -46 1
-12 -46 1
-10 -46 1
-8 -46 1
-6 -46 1
-4 -46 1
-2 -46 1
0 -46 1
2 -46 1
4 -46 1
6 -46 1
8 -46 1
10 -46 1
12 -46 1
14 -46 1
16 -46 1
18 -46 1
20 -46 1
22 -46 1
24 -46 1
26 -46 1
28 -46 1
30 -46 1
32 -46 1
34 -46 1
36 -46 1
38 -46 1
40 -46 1
42 -46 1
44 -46 1
46 -46 1
48 -46 1
50 -46 1
52 -46 1
54 -46 1
56 -46 1
58 -46 1
60 -46 1
62 -46 1
64 -46 1
66 -46 1
68 -46 1
70 -46 1
72 -46 1
74 -46 1
76 -46 1
78 -46 1
80 -46 1
82 -46 1
84 -46 1
86 -46 1
88 -46 1
90 -46 1
92 -46 1
94 -46 1
96 -46 1
98 -46 1
100 -46 1
-100 -48 1
-98 -48 1
-96 -48 1
-94 -48 1
-92 -48 1
-90 -48 1
-88 -48 1
-86 -48 1
-84 -48 1
-82 -48 1
-80 -48 1
-78 -48 1
-76 -48 1
-74 -48 1
-72 -48 1
-70 -48 1
-68 -48 1
-66 -48 1
-64 -48 1
-62 -48 1
-60 -48 1
-58 -48 1
-56 -48 1
-54 -48 1
-52 -48 1
-50 -48 1
-48 -48 1
-46 -48 1
-44 -48 1
-42 -48 1
-40 -48 1
-38 -48 1
-36 -48 1
-34 -48 1
-32 -48 1
-30 -48 1
-28 -48 1
-26 -48 1
-24 -48 1
-22 -48 1
-20 -48 1
-18 -48 1
-16 -48 1
-14 -48 1
-12 -48 1
-10 -48 1
-8 -48 1
-6 -48 1
-4 -48 1
-2 -48 1
0 -48 1
2 -48 1
4 -48 1
6 -48 1
8 -48 1
10 -48 1
12 -48 1
14 -48 1
16 -48 1
18 -48 1
20 -48 1
22 -48 1
24 -48 1
26 -48 1
28 -48 1
30 -48 1
32 -48 1
34 -48 1
36 -48 1
38 -48 1
40 -48 1
42 -48 1
44 -48 1
46 -48 1
48 -48 1
50 -48 1
52 -48 1
54 -48 1
56 -48 1
58 -48 1
60 -48 1
62 -48 1
64 -48 1
66 -48 1
68 -48 1
70 -48 1
72 -48 1
74 -48 1
76 -48 1
78 -48 1
80 -48 1
82 -48 1
84 -48 1
86 -48 1
88 -48 1
90 -48 1
92 -48 1
94 -48 1
96 -48 1
98 -48 1
100 -48 1
-100 -50 1
-98 -50 1
-96 -50 1
-94 -50 1
-92 -50 1
-90 -50 1
-88 -50 1
-86 -50 1
-84 -50 1
-82 -50 1
-80 -50 1
-78 -50 1
-76 -50 1
-74 -50 1
-72 -50 1
-70 -50 1
-68 -50 1
-66 -50 1
-64 -50 1
-62 -50 1
-60 -50 1
-58 -50 1
-56 -50 1
-54 -50 1
-52 -50 1
-50 -50 1
-48 -50 1
-46 -50 1
-44 -50 1
-42 -50 1
-40 -50 1
-38 -50 1
-36 -50 1
-34 -50 1
-32 -50 1
-30 -50 1
-28 -50 1
-26 -50 1
-24 -50 1
-22 -50 1
-20 -50 1
-18 -50 1
-16 -50 1
-14 -50 1
-12 -50 1
-10 -50 1
-8 -50 1
-6 -50 1
-4 -50 1
-2 -50 1
0 -50 1
2 -50 1
4 -50 1
6 -50 1
8 -50 1
10 -50 1
12 -50 1
14 -50 1
16 -50 1
18 -50 1
20 -50 1
22 -50 1
24 -50 1
26 -50 1
28 -50 1
30 -50 1
32 -50 1
34 -50 1
36 -50 1
38 -50 1
40 -50 1
42 -50 1
44 -50 1
46 -50 1
48 -50 1
50 -50 1
52 -50 1
54 -50 1
56 -50 1
58 -50 1
60 -50 1
62 -50 1
64 -50 1
66 -50 1
68 -50 1
70 -50 1
72 -50 1
74 -50 1
76 -50 1
78 -50 1
80 -50 1
82 -50 1
84 -50 1
86 -50 1
88 -50 1
90 -50 1
92 -50 1
94 -50 1
96 -50 1
98 -50 1
100 -50 1
-100 -52 1
-98 -52 1
-96 -52 1
-94 -52 1
-92 -52 1
-90 -52 1
-88 -52 1
-86 -52 1
-84 -52 1
-82 -52 1
-80 -52 1
-78 -52 1
-76 -52 1
-74 -52 1
-72 -52 1
-70 -52 1
-68 -52 1
-66 -52 1
-64 -52 1
-62 -52 1
-60 -52 1
-58 -52 1
-56 -52 1
-54 -52 1
-52 -52 1
-50 -52 1
-48 -52 1
-46 -52 1
-44 -52 1
-42 -52 1
-40 -52 1
-38 -52 1
-36 -52 1
-34 -52 1
-32 -52 1
-30 -52 1
-28 -52 1
-26 -52 1
-24 -52 1
-22 -52 1
-20 -52 1
-18 -52 1
-16 -52 1
-14 -52 1
-12 -52 1
-10 -52 1
-8 -52 1
-6 -52 1
-4 -52 1
-2 -52 1
0 -52 1
2 -52 1
4 -52 1
6 -52 1
8 -52 1
10 -52 1
12 -52 1
14 -52 1
16 -52 1
18 -52 1
20 -52 1
22 -52 1
24 -52 1
26 -52 1
28 -52 1
30 -52 1
32 -52 1
34 -52 1
36 -52 1
38 -52 1
40 -52 1
42 -52 1
44 -52 1
46 -52 1
48 -52 1
50 -52 1
52 -52 1
54 -52 1
56 -52 1
58 -52 1
60 -52 1
62 -52 1
64 -52 1
66 -52 1
68 -52 1
70 -52 1
72 -52 1
74 -52 1
76 -52 1
78 -52 1
80 -52 1
82 -52 1
84 -52 1
86 -52 1
88 -52 1
90 -52 1
92 -52 1
94 -52 1
96 -52 1
98 -52 1
100 -52 1
-100 -54 1
-98 -54 1
-96 -54 1
-94 -54 1
-92 -54 1
-90 -54 1
-88 -54 1
-86 -54 1
-84 -54 1
-82 -54 1
-80 -54 1
-78 -54 1
-76 -54 1
-74 -54 1
-72 -54 1
-70 -54 1
-68 -54 1
-66 -54 1
-64 -54 1
-62 -54 1
-60 -54 1
-58 -54 1
-56 -54 1
-54 -54 1
-52 -54 1
-50 -54 1
-48 -54 1
-46 -54 1
-44 -54 1
-42 -54 1
-40 -54 1
-38 -54 1
-36 -54 1
-34 -54 1
-32 -54 1
-30 -54 1
-28 -54 1
-26 -54 1
-24 -54 1
-22 -54 1
-20 -54 1
-18 -54 1
-16 -54 1
-14 -54 1
-12 -54 1
-10 -54 1
-8 -54 1
-6 -54 1
-4 -54 1
-2 -54 1
0 -54 1
2 -54 1
4 -54 1
6 -54 1
8 -54 1
10 -54 1
12 -54 1
14 -54 1
16 -54 1
18 -54 1
20 -54 1
22 -54 1
24 -54 1
26 -54 1
28 -54 1
30 -54 1
32 -54 1
34 -54 1
36 -54 1
38 -54 1
40 -54 1
42 -54 1
44 -54 1
46 -54 1
48 -54 1
50 -54 1
52 -54 1
54 -54 1
56 -54 1
58 -54 1
60 -54 1
62 -54 1
64 -54 1
66 -54 1
68 -54 1
70 -54 1
72 -54 1
74 -54 1
76 -54 1
78 -54 1
80 -54 1
82 -54 1
84 -54 1
86 -54 1
88 -54 1
90 -54 1
92 -54 1
94 -54 1
96 -54 1
98 -54 1
100 -54 1
-100 -56 1
-98 -56 1
-96 -56 1
-94 -56 1
-92 -56 1
-90 -56 1
-88 -56 1
-86 -56 1
-84 -56 1
-82 -56 1
-80 -56 1
-78 -56 1
-76 -56 1
-74 -56 1
-72 -56 1
-70 -56 1
-68 -56 1
-66 -56 1
-64 -56 1
-62 -56 1
-60 -56 1
-58 -56 1
-56 -56 1
-54 -56 1
-52 -56 1
-50 -56 1
-48 -56 1
-46 -56 1
-44 -56 1
-42 -56 1
-40 -56 1
-38 -56 1
-36 -56 1
-34 -56 1
-32 -56 1
-30 -56 1
-28 -56 1
-26 -56 1
-24 -56 1
-22 -56 1
-20 -56 1
-18 -56 1
-16 -56 1
-14 -56 1
-12 -56 1
-10 -56 1
-8 -56 1
-6 -56 1
-4 -56 1
-2 -56 1
0 -56 1
2 -56 1
4 -56 1
6 -56 1
8 -56 1
10 -56 1
12 -56 1
14 -56 1
16 -56 1
18 -56 1
20 -56 1
22 -56 1
24 -56 1
26 -56 1
28 -56 1
30 -56 1
32 -56 1
34 -56 1
36 -56 1
38 -56 1
40 -56 1
42 -56 1
44 -56 1
46 -56 1
48 -56 1
50 -56 1
52 -56 1
54 -56 1
56 -56 1
58 -56 1
60 -56 1
62 -56 1
64 -56 1
66 -56 1
68 -56 1
70 -56 1
72 -56 1
74 -56 1
76 -56 1
78 -56 1
80 -56 1
82 -56 1
84 -56 1
86 -56 1
88 -56 1
90 -56 1
92 -56 1
94 -56 1
96 -56 1
98 -56 1
100 -56 1
-100 -58 1
-98 -58 1
-96 -58 1
-94 -58 1
-92 -58 1
-90 -58 1
-88 -58 1
-86 -58 1
-84 -58 1
-82 -58 1
-80 -58 1
-78 -58 1
-76 -58 1
-74 -58 1
-72 -58 1
-70 -58 1
-68 -58 1
-66 -58 1
-64 -58 1
-62 -58 1
-60 -58 1
-58 -58 1
-56 -58 1
-54 -58 1
-52 -58 1
-50 -58 1
-48 -58 1
-46 -58 1
-44 -58 1
-42 -58 1
-40 -58 1
-38 -58 1
-36 -58 1
-34 -58 1
-32 -58 1
-30 -58 1
-28 -58 1
-26 -58 1
-24 -58 1
-22 -58 1
-20 -58 1
-18 -58 1
-16 -58 1
-14 -58 1
-12 -58 1
-10 -58 1
-8 -58 1
-6 -58 1
-4 -58 1
-2 -58 1
0 -58 1
2 -58 1
4 -58 1
6 -58 1
8 -58 1
10 -58 1
12 -58 1
14 -58 1
16 -58 1
18 -58 1
20 -58 1
22 -58 1
24 -58 1
26 -58 1
28 -58 1
30 -58 1
32 -58 1
34 -58 1
36 -58 1
38 -58 1
40 -58 1
42 -58 1
44 -58 1
46 -58 1
48 -58 1
50 -58 1
52 -58 1
54 -58 1
56 -58 1
58 -58 1
60 -58 1
62 -58 1
64 -58 1
66 -58 1
68 -58 1
70 -58 1
72 -58 1
74 -58 1
76 -58 1
78 -58 1
80 -58 1
82 -58 1
84 -58 1
86 -58 1
88 -58 1
90 -58 1
92 -58 1
94 -58 1
96 -58 1
98 -58 1
100 -58 1
-100 -60 1
-98 -60 1
-96 -60 1
-94 -60 1
-92 -60 1
-90 -60 1
-88 -60 1
-86 -60 1
-84 -60 1
-82 -60 1
-80 -60 1
-78 -60 1
-76 -60 1
-74 -60 1
-72 -60 1
-70 -60 1
-68 -60 1
-66 -60 1
-64 -60 1
-62 -60 1
-60 -60 1
-58 -60 1
-56 -60 1
-54 -60 1
-52 -60 1
-50 -60 1
-48 -60 1
-46 -60 1
-44 -60 1
-42 -60 1
-40 -60 1
-38 -60 1
-36 -60 1
-34 -60 1
-32 -60 1
-30 -60 1
-28 -60 1
-26 -60 1
-24 -60 1
-22 -60 1
-20 -60 1
-18 -60 1
-16 -60 1
-14 -60 1
-12 -60 1
-10 -60 1
-8 -60 1
-6 -60 1
-4 -60 1
-2 -60 1
0 -60 1
2 -60 1
4 -60 1
6 -60 1
8 -60 1
10 -60 1
12 -60 1
14 -60 1
16 -60 1
18 -60 1
20 -60 1
22 -60 1
24 -60 1
26 -60 1
28 -60 1
30 -60 1
32 -60 1
34 -60 1
36 -60 1
38 -60 1
40 -60 1
42 -60 1
44 -60 1
46 -60 1
48 -60 1
50 -60 1
52 -60 1
54 -60 1
56 -60 1
58 -60 1
60 -60 1
62 -60 1
64 -60 1
66 -60 1
68 -60 1
70 -60 1
72 -60 1
74 -60 1
76 -60 1
78 -60 1
80 -60 1
82 -60 1
84 -60 1
86 -60 1
88 -60 1
90 -60 1
92 -60 1
94 -60 1
96 -60 1
98 -60 1
100 -60 1
-100 -62 1
-98 -62 1
-96 -62 1
-94 -62 1
-92 -62 1
-90 -62 1
-88 -62 1
-86 -62 1
-84 -62 1
-82 -62 1
-80 -62 1
-78 -62 1
-76 -62 1
-74 -62 1
-72 -62 1
-70 -62 1
-68 -62 1
-66 -62 1
-64 -62 1
-62 -62 1
-60 -62 1
-58 -62 1
-56 -62 1
-54 -62 1
-52 -62 1
-50 -62 1
-48 -62 1
-46 -62 1
-44 -62 1
-42 -62 1
-40 -62 1
-38 -62 1
-36 -62 1
-34 -62 1
-32 -62 1
-30 -62 1
-28 -62 1
-26 -62 1
-24 -62 1
-22 -62 1
-20 -62 1
-18 -62 1
-16 -62 1
-14 -62 1
-12 -62 1
-10 -62 1
-8 -62 1
-6 -62 1
-4 -62 1
-2 -62 1
0 -62 1
2 -62 1
4 -62 1
6 -62 1
8 -62 1
10 -62 1
12 -62 1
14 -62 1
16 -62 1
18 -62 1
20 -62 1
22 -62 1
24 -62 1
26 -62 1
28 -62 1
30 -62 1
32 -62 1
34 -62 1
36 -62 1
38 -62 1
40 -62 1
42 -62 1
44 -62 1
46 -62 1
48 -62 1
50 -62 1
52 -62 1
54 -62 1
56 -62 1
58 -62 1
60 -62 1
62 -62 1
64 -62 1
66 -62 1
68 -62 1
70 -62 1
72 -62 1
74 -62 1
76 -62 1
78 -62 1
80 -62 1
82 -62 1
84 -62 1
86 -62 1
88 -62 1
90 -62 1
92 -62 1
94 -62 1
96 -62 1
98 -62 1
100 -62 1
-100 -64 1
-98 -64 1
-96 -64 1
-94 -64 1
-92 -64 1
-90 -64 1
-88 -64 1
-86 -64 1
-84 -64 1
-82 -64 1
-80 -64 1
-78 -64 1
-76 -64 1
-74 -64 1
-72 -64 1
-70 -64 1
-68 -64 1
-66 -64 1
-64 -64 1
-62 -64 1
-60 -64 1
-58 -64 1
-56 -64 1
-54 -64 1
-52 -64 1
-50 -64 1
-48 -64 1
-46 -64 1
-44 -64 1
-42 -64 1
-40 -64 1
-38 -64 1
-36 -64 1
-34 -64 1
-32 -64 1
-30 -64 1
-28 -64 1
-26 -64 1
-24 -64 1
-22 -64 1
-20 -64 1
-18 -64 1
-16 -64 1
-14 -64 1
-12 -64 1
-10 -64 1
-8 -64 1
-6 -64 1
-4 -64 1
-2 -64 1
0 -64 1
2 -64 1
4 -64 1
6 -64 1
8 -64 1
10 -64 1
12 -64 1
14 -64 1
16 -64 1
18 -64 1
20 -64 1
22 -64 1
24 -64 1
26 -64 1
28 -64 1
30 -64 1
32 -64 1
34 -64 1
36 -64 1
38 -64 1
40 -64 1
42 -64 1
44 -64 1
46 -64 1
48 -64 1
50 -64 1
52 -64 1
54 -64 1
56 -64 1
58 -64 1
60 -64 1
62 -64 1
64 -64 1
66 -64 1
68 -64 1
70 -64 1
72 -64 1
74 -64 1
76 -64 1
78 -64 1
80 -64 1
82 -64 1
84 -64 1
86 -64 1
88 -64 1
90 -64 1
92 -64 1
94 -64 1
96 -64 1
98 -64 1
100 -64 1
-100 -66 1
-98 -66 1
-96 -66 1
-94 -66 1
-92 -66 1
-90 -66 1
-88 -66 1
-86 -66 1
-84 -66 1
-82 -66 1
-80 -66 1
-78 -66 1
-76 -66 1
-74 -66 1
-72 -66 1
-70 -66 1
-68 -66 1
-66 -66 1
-64 -66 1
-62 -66 1
-60 -66 1
-58 -66 1
-56 -66 1
-54 -66 1
-52 -66 1
-50 -66 1
-48 -66 1
-46 -66 1
-44 -66 1
-42 -66 1
-40 -66 1
-38 -66 1
-36 -66 1
-34 -66 1
-32 -66 1
-30 -66 1
-28 -66 1
-26 -66 1
-24 -66 1
-22 -66 1
-20 -66 1
-18 -66 1
-16 -66 1
-14 -66 1
-12 -66 1
-10 -66 1
-8 -66 1
-6 -66 1
-4 -66 1
-2 -66 1
0 -66 1
2 -66 1
4 -66 1
6 -66 1
8 -66 1
10 -66 1
12 -66 1
14 -66 1
16 -66 1
18 -66 1
20 -66 1
22 -66 1
24 -66 1
26 -66 1
28 -66 1
30 -66 1
32 -66 1
34 -66 1
36 -66 1
38 -66 1
40 -66 1
42 -66 1
44 -66 1
46 -66 1
48 -66 1
50 -66 1
52 -66 1
54 -66 1
56 -66 1
58 -66 1
60 -66 1
62 -66 1
64 -66 1
66 -66 1
68 -66 1
70 -66 1
72 -66 1
74 -66 1
76 -66 1
78 -66 1
80 -66 1
82 -66 1
84 -66 1
86 -66 1
88 -66 1
90 -66 1
92 -66 1
94 -66 1
96 -66 1
98 -66 1
100 -66 1
-100 -68 1
-98 -68 1
-96 -68 1
-94 -68 1
-92 -68 1
-90 -68 1
-88 -68 1
-86 -68 1
-84 -68 1
-82 -68 1
-80 -68 1
-78 -68 1
-76 -68 1
-74 -68 1
-72 -68 1
-70 -68 1
-68 -68 1
-66 -68 1
-64 -68 1
-62 -68 1
-60 -68 1
-58 -68 1
-56 -68 1
-54 -68 1
-52 -68 1
-50 -68 1
-48 -68 1
-46 -68 1
-44 -68 1
-42 -68 1
-40 -68 1
-38 -68 1
-36 -68 1
-34 -68 1
-32 -68 1
-30 -68 1
-28 -68 1
-26 -68 1
-24 -68 1
-22 -68 1
-20 -68 1
-18 -68 1
-16 -68 1
-14 -68 1
-12 -68 1
-10 -68 1
-8 -68 1
-6 -68 1
-4 -68 1
-2 -68 1
0 -68 1
2 -68 1
4 -68 1
6 -68 1
8 -68 1
10 -68 1
12 -68 1
14 -68 1
16 -68 1
18 -68 1
20 -68 1
22 -68 1
24 -68 1
26 -68 1
28 -68 1
30 -68 1
32 -68 1
34 -68 1
36 -68 1
38 -68 1
40 -68 1
42 -68 1
44 -68 1
46 -68 1
48 -68 1
50 -68 1
52 -68 1
54 -68 1
56 -68 1
58 -68 1
60 -68 1
62 -68 1
64 -68 1
66 -68 1
68 -68 1
70 -68 1
72 -68 1
74 -68 1
76 -68 1
78 -68 1
80 -68 1
82 -68 1
84 -68 1
86 -68 1
88 -68 1
90 -68 1
92 -68 1
94 -68 1
96 -68 1
98 -68 1
100 -68 1
-100 -70 1
-98 -70 1
-96 -70 1
-94 -70 1
-92 -70 1
-90 -70 1
-88 -70 1
-86 -70 1
-84 -70 1
-82 -70 1
-80 -70 1
-78 -70 1
-76 -70 1
-74 -70 1
-72 -70 1
-70 -70 1
-68 -70 1
-66 -70 1
-64 -70 1
-62 -70 1
-60 -70 1
-58 -70 1
-56 -70 1
-54 -70 1
-52 -70 1
-50 -70 1
-48 -70 1
-46 -70 1
-44 -70 1
-42 -70 1
-40 -70 1
-38 -70 1
-36 -70 1
-34 -70 1
-32 -70 1
-30 -70 1
-28 -70 1
-26 -70 1
-24 -70 1
-22 -70 1
-20 -70 1
-18 -70 1
-16 -70 1
-14 -70 1
-12 -70 1
-10 -70 1
-8 -70 1
-6 -70 1
-4 -70 1
-2 -70 1
0 -70 1
2 -70 1
4 -70 1
6 -70 1
8 -70 1
10 -70 1
12 -70 1
14 -70 1
16 -70 1
18 -70 1
20 -70 1
22 -70 1
24 -70 1
26 -70 1
28 -70 1
30 -70 1
32 -70 1
34 -70 1
36 -70 1
38 -70 1
40 -70 1
42 -70 1
44 -70 1
46 -70 1
48 -70 1
50 -70 1
52 -70 1
54 -70 1
56 -70 1
58 -70 1
60 -70 1
62 -70 1
64 -70 1
66 -70 1
68 -70 1
70 -70 1
72 -70 1
74 -70 1
76 -70 1
78 -70 1
80 -70 1
82 -70 1
84 -70 1
86 -70 1
88 -70 1
90 -70 1
92 -70 1
94 -70 1
96 -70 1
98 -70 1
100 -70 1
-100 -72 1
-98 -72 1
-96 -72 1
-94 -72 1
-92 -72 1
-90 -72 1
-88 -72 1
-86 -72 1
-84 -72 1
-82 -72 1
-80 -72 1
-78 -72 1
-76 -72 1
-74 -72 1
-72 -72 1
-70 -72 1
-68 -72 1
-66 -72 1
-64 -72 1
-62 -72 1
-60 -72 1
-58 -72 1
-56 -72 1
-54 -72 1
-52 -72 1
-50 -72 1
-48 -72 1
-46 -72 1
-44 -72 1
-42 -72 1
-40 -72 1
-38 -72 1
-36 -72 1
-34 -72 1
-32 -72 1
-30 -72 1
-28 -72 1
-26 -72 1
-24 -72 1
-22 -72 1
-20 -72 1
-18 -72 1
-16 -72 1
-14 -72 1
-12 -72 1
-10 -72 1
-8 -72 1
-6 -72 1
-4 -72 1
-2 -72 1
0 -72 1
2 -72 1
4 -72 1
6 -72 1
8 -72 1
10 -72 1
12 -72 1
14 -72 1
16 -72 1
18 -72 1
20 -72 1
22 -72 1
24 -72 1
26 -72 1
28 -72 1
30 -72 1
32 -72 1
34 -72 1
36 -72 1
38 -72 1
40 -72 1
42 -72 1
44 -72 1
46 -72 1
48 -72 1
50 -72 1
52 -72 1
54 -72 1
56 -72 1
58 -72 1
60 -72 1
62 -72 1
64 -72 1
66 -72 1
68 -72 1
70 -72 1
72 -72 1
74 -72 1
76 -72 1
78 -72 1
80 -72 1
82 -72 1
84 -72 1
86 -72 1
88 -72 1
90 -72 1
92 -72 1
94 -72 1
96 -72 1
98 -72 1
100 -72 1
-100 -74 1
-98 -74 1
-96 -74 1
-94 -74 1
-92 -74 1
-90 -74 1
-88 -74 1
-86 -74 1
-84 -74 1
-82 -74 1
-80 -74 1
-78 -74 1
-76 -74 1
-74 -74 1
-72 -74 1
-70 -74 1
-68 -74 1
-66 -74 1
-64 -74 1
-62 -74 1
-60 -74 1
-58 -74 1
-56 -74 1
-54 -74 1
-52 -74 1
-50 -74 1
-48 -74 1
-46 -74 1
-44 -74 1
-42 -74 1
-40 -74 1
-38 -74 1
-36 -74 1
-34 -74 1
-32 -74 1
-30 -74 1
-28 -74 1
-26 -74 1
-24 -74 1
-22 -74 1
-20 -74 1
-18 -74 1
-16 -74 1
-14 -74 1
-12 -74 1
-10 -74 1
-8 -74 1
-6 -74 1
-4 -74 1
-2 -74 1
0 -74 1
2 -74 1
4 -74 1
6 -74 1
8 -74 1
10 -74 1
12 -74 1
14 -74 1
16 -74 1
18 -74 1
20 -74 1
22 -74 1
24 -74 1
26 -74 1
28 -74 1
30 -74 1
32 -74 1
34 -74 1
36 -74 1
38 -74 1
40 -74 1
42 -74 1
44 -74 1
46 -74 1
48 -74 1
50 -74 1
52 -74 1
54 -74 1
56 -74 1
58 -74 1
60 -74 1
62 -74 1
64 -74 1
66 -74 1
68 -74 1
70 -74 1
72 -74 1
74 -74 1
76 -74 1
78 -74 1
80 -74 1
82 -74 1
84 -74 1
86 -74 1
88 -74 1
90 -74 1
92 -74 1
94 -74 1
96 -74 1
98 -74 1
100 -74 1
-100 -76 1
-98 -76 1
-96 -76 1
-94 -76 1
-92 -76 1
-90 -76 1
-88 -76 1
-86 -76 1
-84 -76 1
-82 -76 1
-80 -76 1
-78 -76 1
-76 -76 1
-74 -76 1
-72 -76 1
-70 -76 1
-68 -76 1
-66 -76 1
-64 -76 1
-62 -76 1
-60 -76 1
-58 -76 1
-56 -76 1
-54 -76 1
-52 -76 1
-50 -76 1
-48 -76 1
-46 -76 1
-44 -76 1
-42 -76 1
-40 -76 1
-38 -76 1
-36 -76 1
-34 -76 1
-32 -76 1
-30 -76 1
-28 -76 1
-26 -76 1
-24 -76 1
-22 -76 1
-20 -76 1
-18 -76 1
-16 -76 1
-14 -76 1
-12 -76 1
-10 -76 1
-8 -76 1
-6 -76 1
-4 -76 1
-2 -76 1
0 -76 1
2 -76 1
4 -76 1
6 -76 1
8 -76 1
10 -76 1
12 -76 1
14 -76 1
16 -76 1
18 -76 1
20 -76 1
22 -76 1
24 -76 1
26 -76 1
28 -76 1
30 -76 1
32 -76 1
34 -76 1
36 -76 1
38 -76 1
40 -76 1
42 -76 1
44 -76 1
46 -76 1
48 -76 1
50 -76 1
52 -76 1
54 -76 1
56 -76 1
58 -76 1
60 -76 1
62 -76 1
64 -76 1
66 -76 1
68 -76 1
70 -76 1
72 -76 1
74 -76 1
76 -76 1
78 -76 1
80 -76 1
82 -76 1
84 -76 1
86 -76 1
88 -76 1
90 -76 1
92 -76 1
94 -76 1
96 -76 1
98 -76 1
100 -76 1
-100 -78 1
-98 -78 1
-96 -78 1
-94 -78 1
-92 -78 1
-90 -78 1
-88 -78 1
-86 -78 1
-84 -78 1
-82 -78 1
-80 -78 1
-78 -78 1
-76 -78 1
-74 -78 1
-72 -78 1
-70 -78 1
-68 -78 1
-66 -78 1
-64 -78 1
-62 -78 1
-60 -78 1
-58 -78 1
-56 -78 1
-54 -78 1
-52 -78 1
-50 -78 1
-48 -78 1
-46 -78 1
-44 -78 1
-42 -78 1
-40 -78 1
-38 -78 1
-36 -78 1
-34 -78 1
-32 -78 1
-30 -78 1
-28 -78 1
-26 -78 1
-24 -78 1
-22 -78 1
-20 -78 1
-18 -78 1
-16 -78 1
-14 -78 1
-12 -78 1
-10 -78 1
-8 -78 1
-6 -78 1
-4 -78 1
-2 -78 1
0 -78 1
2 -78 1
4 -78 1
6 -78 1
8 -78 1
10 -78 1
12 -78 1
14 -78 1
16 -78 1
18 -78 1
20 -78 1
22 -78 1
24 -78 1
26 -78 1
28 -78 1
30 -78 1
32 -78 1
34 -78 1
36 -78 1
38 -78 1
40 -78 1
42 -78 1
44 -78 1
46 -78 1
48 -78 1
50 -78 1
52 -78 1
54 -78 1
56 -78 1
58 -78 1
60 -78 1
62 -78 1
64 -78 1
66 -78 1
68 -78 1
70 -78 1
72 -78 1
74 -78 1
76 -78 1
78 -78 1
80 -78 1
82 -78 1
84 -78 1
86 -78 1
88 -78 1
90 -78 1
92 -78 1
94 -78 1
96 -78 1
98 -78 1
100 -78 1
-100 -80 1
-98 -80 1
-96 -80 1
-94 -80 1
-92 -80 1
-90 -80 1
-88 -80 1
-86 -80 1
-84 -80 1
-82 -80 1
-80 -80 1
-78 -80 1
-76 -80 1
-74 -80 1
-72 -80 1
-70 -80 1
-68 -80 1
-66 -80 1
-64 -80 1
-62 -80 1
-60 -80 1
-58 -80 1
-56 -80 1
-54 -80 1
-52 -80 1
-50 -80 1
-48 -80 1
-46 -80 1
-44 -80 1
-42 -80 1
-40 -80 1
-38 -80 1
-36 -80 1
-34 -80 1
-32 -80 1
-30 -80 1
-28 -80 1
-26 -80 1
-24 -80 1
-22 -80 1
-20 -80 1
-18 -80 1
-16 -80 1
-14 -80 1
-12 -80 1
-10 -80 1
-8 -80 1
-6 -80 1
-4 -80 1
-2 -80 1
0 -80 1
2 -80 1
4 -80 1
6 -80 1
8 -80 1
10 -80 1
12 -80 1
14 -80 1
16 -80 1
18 -80 1
20 -80 1
22 -80 1
24 -80 1
26 -80 1
28 -80 1
30 -80 1
32 -80 1
34 -80 1
36 -80 1
38 -80 1
40 -80 1
42 -80 1
44 -80 1
46 -80 1
48 -80 1
50 -80 1
52 -80 1
54 -80 1
56 -80 1
58 -80 1
60 -80 1
62 -80 1
64 -80 1
66 -80 1
68 -80 1
70 -80 1
72 -80 1
74 -80 1
76 -80 1
78 -80 1
80 -80 1
82 -80 1
84 -80 1
86 -80 1
88 -80 1
90 -80 1
92 -80 1
94 -80 1
96 -80 1
98 -80 1
100 -80 1
-100 -82 1
-98 -82 1
-96 -82 1
-94 -82 1
-92 -82 1
-90 -82 1
-88 -82 1
-86 -82 1
-84 -82 1
-82 -82 1
-80 -82 1
-78 -82 1
-76 -82 1
-74 -82 1
-72 -82 1
-70 -82 1
-68 -82 1
-66 -82 1
-64 -82 1
-62 -82 1
-60 -82 1
-58 -82 1
-56 -82 1
-54 -82 1
-52 -82 1
-50 -82 1
-48 -82 1
-46 -82 1
-44 -82 1
-42 -82 1
-40 -82 1
-38 -82 1
-36 -82 1
-34 -82 1
-32 -82 1
-30 -82 1
-28 -82 1
-26 -82 1
-24 -82 1
-22 -82 1
-20 -82 1
-18 -82 1
-16 -82 1
-14 -82 1
-12 -82 1
-10 -82 1
-8 -82 1
-6 -82 1
-4 -82 1
-2 -82 1
0 -82 1
2 -82 1
4 -82 1
6 -82 1
8 -82 1
10 -82 1
12 -82 1
14 -82 1
16 -82 1
18 -82 1
20 -82 1
22 -82 1
24 -82 1
26 -82 1
28 -82 1
30 -82 1
32 -82 1
34 -82 1
36 -82 1
38 -82 1
40 -82 1
42 -82 1
44 -82 1
46 -82 1
48 -82 1
50 -82 1
52 -82 1
54 -82 1
56 -82 1
58 -82 1
60 -82 1
62 -82 1
64 -82 1
66 -82 1
68 -82 1
70 -82 1
72 -82 1
74 -82 1
76 -82 1
78 -82 1
80 -82 1
82 -82 1
84 -82 1
86 -82 1
88 -82 1
90 -82 1
92 -82 1
94 -82 1
96 -82 1
98 -82 1
100 -82 1
-100 -84 1
-98 -84 1
-96 -84 1
-94 -84 1
-92 -84 1
-90 -84 1
-88 -84 1
-86 -84 1
-84 -84 1
-82 -84 1
-80 -84 1
-78 -84 1
-76 -84 1
-74 -84 1
-72 -84 1
-70 -84 1
-68 -84 1
-66 -84 1
-64 -84 1
-62 -84 1
-60 -84 1
-58 -84 1
-56 -84 1
-54 -84 1
-52 -84 1
-50 -84 1
-48 -84 1
-46 -84 1
-44 -84 1
-42 -84 1
-40 -84 1
-38 -84 1
-36 -84 1
-34 -84 1
-32 -84 1
-30 -84 1
-28 -84 1
-26 -84 1
-24 -84 1
-22 -84 1
-20 -84 1
-18 -84 1
-16 -84 1
-14 -84 1
-12 -84 1
-10 -84 1
-8 -84 1
-6 -84 1
-4 -84 1
-2 -84 1
0 -84 1
2 -84 1
4 -84 1
6 -84 1
8 -84 1
10 -84 1
12 -84 1
14 -84 1
16 -84 1
18 -84 1
20 -84 1
22 -84 1
24 -84 1
26 -84 1
28 -84 1
30 -84 1
32 -84 1
34 -84 1
36 -84 1
38 -84 1
40 -84 1
42 -84 1
44 -84 1
46 -84 1
48 -84 1
50 -84 1
52 -84 1
54 -84 1
56 -84 1
58 -84 1
60 -84 1
62 -84 1
64 -84 1
66 -84 1
68 -84 1
70 -84 1
72 -84 1
74 -84 1
76 -84 1
78 -84 1
80 -84 1
82 -84 1
84 -84 1
86 -84 1
88 -84 1
90 -84 1
92 -84 1
94 -84 1
96 -84 1
98 -84 1
100 -84 1
-100 -86 1
-98 -86 1
-96 -86 1
-94 -86 1
-92 -86 1
-90 -86 1
-88 -86 1
-86 -86 1
-84 -86 1
-82 -86 1
-80 -86 1
-78 -86 1
-76 -86 1
-74 -86 1
-72 -86 1
-70 -86 1
-68 -86 1
-66 -86 1
-64 -86 1
-62 -86 1
-60 -86 1
-58 -86 1
-56 -86 1
-54 -86 1
-52 -86 1
-50 -86 1
-48 -86 1
-46 -86 1
-44 -86 1
-42 -86 1
-40 -86 1
-38 -86 1
-36 -86 1
-34 -86 1
-32 -86 1
-30 -86 1
-28 -86 1
-26 -86 1
-24 -86 1
-22 -86 1
-20 -86 1
-18 -86 1
-16 -86 1
-14 -86 1
-12 -86 1
-10 -86 1
-8 -86 1
-6 -86 1
-4 -86 1
-2 -86 1
0 -86 1
2 -86 1
4 -86 1
6 -86 1
8 -86 1
10 -86 1
12 -86 1
14 -86 1
16 -86 1
18 -86 1
20 -86 1
22 -86 1
24 -86 1
26 -86 1
28 -86 1
30 -86 1
32 -86 1
34 -86 1
36 -86 1
38 -86 1
40 -86 1
42 -86 1
44 -86 1
46 -86 1
48 -86 1
50 -86 1
52 -86 1
54 -86 1
56 -86 1
58 -86 1
60 -86 1
62 -86 1
64 -86 1
66 -86 1
68 -86 1
70 -86 1
72 -86 1
74 -86 1
76 -86 1
78 -86 1
80 -86 1
82 -86 1
84 -86 1
86 -86 1
88 -86 1
90 -86 1
92 -86 1
94 -86 1
96 -86 1
98 -86 1
100 -86 1
-100 -88 1
-98 -88 1
-96 -88 1
-94 -88 1
-92 -88 1
-90 -88 1
-88 -88 1
-86 -88 1
-84 -88 1
-82 -88 1
-80 -88 1
-78 -88 1
-76 -88 1
-74 -88 1
-72 -88 1
-70 -88 1
-68 -88 1
-66 -88 1
-64 -88 1
-62 -88 1
-60 -88 1
-58 -88 1
-56 -88 1
-54 -88 1
-52 -88 1
-50 -88 1
-48 -88 1
-46 -88 1
-44 -88 1
-42 -88 1
-40 -88 1
-38 -88 1
-36 -88 1
-34 -88 1
-32 -88 1
-30 -88 1
-28 -88 1
-26 -88 1
-24 -88 1
-22 -88 1
-20 -88 1
-18 -88 1
-16 -88 1
-14 -88 1
-12 -88 1
-10 -88 1
-8 -88 1
-6 -88 1
-4 -88 1
-2 -88 1
0 -88 1
2 -88 1
4 -88 1
6 -88 1
8 -88 1
10 -88 1
12 -88 1
14 -88 1
16 -88 1
18 -88 1
20 -88 1
22 -88 1
24 -88 1
26 -88 1
28 -88 1
30 -88 1
32 -88 1
34 -88 1
36 -88 1
38 -88 1
40 -88 1
42 -88 1
44 -88 1
46 -88 1
48 -88 1
50 -88 1
52 -88 1
54 -88 1
56 -88 1
58 -88 1
60 -88 1
62 -88 1
64 -88 1
66 -88 1
68 -88 1
70 -88 1
72 -88 1
74 -88 1
76 -88 1
78 -88 1
80 -88 1
82 -88 1
84 -88 1
86 -88 1
88 -88 1
90 -88 1
92 -88 1
94 -88 1
96 -88 1
98 -88 1
100 -88 1
-100 -90 1
-98 -90 1
-96 -90 1
-94 -90 1
-92 -90 1
-90 -90 1
-88 -90 1
-86 -90 1
-84 -90 1
-82 -90 1
-80 -90 1
-78 -90 1
-76 -90 1
-74 -90 1
-72 -90 1
-70 -90 1
-68 -90 1
-66 -90 1
-64 -90 1
-62 -90 1
-60 -90 1
-58 -90 1
-56 -90 1
-54 -90 1
-52 -90 1
-50 -90 1
-48 -90 1
-46 -90 1
-44 -90 1
-42 -90 1
-40 -90 1
-38 -90 1
-36 -90 1
-34 -90 1
-32 -90 1
-30 -90 1
-28 -90 1
-26 -90 1
-24 -90 1
-22 -90 1
-20 -90 1
-18 -90 1
-16 -90 1
-14 -90 1
-12 -90 1
-10 -90 1
-8 -90 1
-6 -90 1
-4 -90 1
-2 -90 1
0 -90 1
2 -90 1
4 -90 1
6 -90 1
8 -90 1
10 -90 1
12 -90 1
14 -90 1
16 -90 1
18 -90 1
20 -90 1
22 -90 1
24 -90 1
26 -90 1
28 -90 1
30 -90 1
32 -90 1
34 -90 1
36 -90 1
38 -90 1
40 -90 1
42 -90 1
44 -90 1
46 -90 1
48 -90 1
50 -90 1
52 -90 1
54 -90 1
56 -90 1
58 -90 1
60 -90 1
62 -90 1
64 -90 1
66 -90 1
68 -90 1
70 -90 1
72 -90 1
74 -90 1
76 -90 1
78 -90 1
80 -90 1
82 -90 1
84 -90 1
86 -90 1
88 -90 1
90 -90 1
92 -90 1
94 -90 1
96 -90 1
98 -90 1
100 -90 1
-100 -92 1
-98 -92 1
-96 -92 1
-94 -92 1
-92 -92 1
-90 -92 1
-88 -92 1
-86 -92 1
-84 -92 1
-82 -92 1
-80 -92 1
-78 -92 1
-76 -92 1
-74 -92 1
-72 -92 1
-70 -92 1
-68 -92 1
-66 -92 1
-64 -92 1
-62 -92 1
-60 -92 1
-58 -92 1
-56 -92 1
-54 -92 1
-52 -92 1
-50 -92 1
-48 -92 1
-46 -92 1
-44 -92 1
-42 -92 1
-40 -92 1
-38 -92 1
-36 -92 1
-34 -92 1
-32 -92 1
-30 -92 1
-28 -92 1
-26 -92 1
-24 -92 1
-22 -92 1
-20 -92 1
-18 -92 1
-16 -92 1
-14 -92 1
-12 -92 1
-10 -92 1
-8 -92 1
-6 -92 1
-4 -92 1
-2 -92 1
0 -92 1
2 -92 1
4 -92 1
6 -92 1
8 -92 1
10 -92 1
12 -92 1
14 -92 1
16 -92 1
18 -92 1
20 -92 1
22 -92 1
24 -92 1
26 -92 1
28 -92 1
30 -92 1
32 -92 1
34 -92 1
36 -92 1
38 -92 1
40 -92 1
42 -92 1
44 -92 1
46 -92 1
48 -92 1
50 -92 1
52 -92 1
54 -92 1
56 -92 1
58 -92 1
60 -92 1
62 -92 1
64 -92 1
66 -92 1
68 -92 1
70 -92 1
72 -92 1
74 -92 1
76 -92 1
78 -92 1
80 -92 1
82 -92 1
84 -92 1
86 -92 1
88 -92 1
90 -92 1
92 -92 1
94 -92 1
96 -92 1
98 -92 1
100 -92 1
-100 -94 1
-98 -94 1
-96 -94 1
-94 -94 1
-92 -94 1
-90 -94 1
-88 -94 1
-86 -94 1
-84 -94 1
-82 -94 1
-80 -94 1
-78 -94 1
-76 -94 1
-74 -94 1
-72 -94 1
-70 -94 1
-68 -94 1
-66 -94 1
-64 -94 1
-62 -94 1
-60 -94 1
-58 -94 1
-56 -94 1
-54 -94 1
-52 -94 1
-50 -94 1
-48 -94 1
-46 -94 1
-44 -94 1
-42 -94 1
-40 -94 1
-38 -94 1
-36 -94 1
-34 -94 1
-32 -94 1
-30 -94 1
-28 -94 1
-26 -94 1
-24 -94 1
-22 -94 1
-20 -94 1
-18 -94 1
-16 -94 1
-14 -94 1
-12 -94 1
-10 -94 1
-8 -94 1
-6 -94 1
-4 -94 1
-2 -94 1
0 -94 1
2 -94 1
4 -94 1
6 -94 1
8 -94 1
10 -94 1
12 -94 1
14 -94 1
16 -94 1
18 -94 1
20 -94 1
22 -94 1
24 -94 1
26 -94 1
28 -94 1
30 -94 1
32 -94 1
34 -94 1
36 -94 1
38 -94 1
40 -94 1
42 -94 1
44 -94 1
46 -94 1
48 -94 1
50 -94 1
52 -94 1
54 -94 1
56 -94 1
58 -94 1
60 -94 1
62 -94 1
64 -94 1
66 -94 1
68 -94 1
70 -94 1
72 -94 1
74 -94 1
76 -94 1
78 -94 1
80 -94 1
82 -94 1
84 -94 1
86 -94 1
88 -94 1
90 -94 1
92 -94 1
94 -94 1
96 -94 1
98 -94 1
100 -94 1
-100 -96 1
-98 -96 1
-96 -96 1
-94 -96 1
-92 -96 1
-90 -96 1
-88 -96 1
-86 -96 1
-84 -96 1
-82 -96 1
-80 -96 1
-78 -96 1
-76 -96 1
-74 -96 1
-72 -96 1
-70 -96 1
-68 -96 1
-66 -96 1
-64 -96 1
-62 -96 1
-60 -96 1
-58 -96 1
-56 -96 1
-54 -96 1
-52 -96 1
-50 -96 1
-48 -96 1
-46 -96 1
-44 -96 1
-42 -96 1
-40 -96 1
-38 -96 1
-36 -96 1
-34 -96 1
-32 -96 1
-30 -96 1
-28 -96 1
-26 -96 1
-24 -96 1
-22 -96 1
-20 -96 1
-18 -96 1
-16 -96 1
-14 -96 1
-12 -96 1
-10 -96 1
-8 -96 1
-6 -96 1
-4 -96 1
-2 -96 1
0 -96 1
2 -96 1
4 -96 1
6 -96 1
8 -96 1
10 -96 1
12 -96 1
14 -96 1
16 -96 1
18 -96 1
20 -96 1
22 -96 1
24 -96 1
26 -96 1
28 -96 1
30 -96 1
32 -96 1
34 -96 1
36 -96 1
38 -96 1
40 -96 1
42 -96 1
44 -96 1
46 -96 1
48 -96 1
50 -96 1
52 -96 1
54 -96 1
56 -96 1
58 -96 1
60 -96 1
62 -96 1
64 -96 1
66 -96 1
68 -96 1
70 -96 1
72 -96 1
74 -96 1
76 -96 1
78 -96 1
80 -96 1
82 -96 1
84 -96 1
86 -96 1
88 -96 1
90 -96 1
92 -96 1
94 -96 1
96 -96 1
98 -96 1
100 -96 1
-100 -98 1
-98 -98 1
-96 -98 1
-94 -98 1
-92 -98 1
-90 -98 1
-88 -98 1
-86 -98 1
-84 -98 1
-82 -98 1
-80 -98 1
-78 -98 1
-76 -98 1
-74 -98 1
-72 -98 1
-70 -98 1
-68 -98 1
-66 -98 1
-64 -98 1
-62 -98 1
-60 -98 1
-58 -98 1
-56 -98 1
-54 -98 1
-52 -98 1
-50 -98 1
-48 -98 1
-46 -98 1
-44 -98 1
-42 -98 1
-40 -98 1
-38 -98 1
-36 -98 1
-34 -98 1
-32 -98 1
-30 -98 1
-28 -98 1
-26 -98 1
-24 -98 1
-22 -98 1
-20 -98 1
-18 -98 1
-16 -98 1
-14 -98 1
-12 -98 1
-10 -98 1
-8 -98 1
-6 -98 1
-4 -98 1
-2 -98 1
0 -98 1
2 -98 1
4 -98 1
6 -98 1
8 -98 1
10 -98 1
12 -98 1
14 -98 1
16 -98 1
18 -98 1
20 -98 1
22 -98 1
24 -98 1
26 -98 1
28 -98 1
30 -98 1
32 -98 1
34 -98 1
36 -98 1
38 -98 1
40 -98 1
42 -98 1
44 -98 1
46 -98 1
48 -98 1
50 -98 1
52 -98 1
54 -98 1
56 -98 1
58 -98 1
60 -98 1
62 -98 1
64 -98 1
66 -98 1
68 -98 1
70 -98 1
72 -98 1
74 -98 1
76 -98 1
78 -98 1
80 -98 1
82 -98 1
84 -98 1
86 -98 1
88 -98 1
90 -98 1
92 -98 1
94 -98 1
96 -98 1
98 -98 1
100 -98 1
-100 -100 1
-98 -100 1
-96 -100 1
-94 -100 1
-92 -100 1
-90 -100 1
-88 -100 1
-86 -100 1
-84 -100 1
-82 -100 1
-80 -100 1
-78 -100 1
-76 -100 1
-74 -100 1
-72 -100 1
-70 -100 1
-68 -100 1
-66 -100 1
-64 -100 1
-62 -100 1
-60 -100 1
-58 -100 1
-56 -100 1
-54 -100 1
-52 -100 1
-50 -100 1
-48 -100 1
-46 -100 1
-44 -100 1
-42 -100 1
-40 -100 1
-38 -100 1
-36 -100 1
-34 -100 1
-32 -100 1
-30 -100 1
-28 -100 1
-26 -100 1
-24 -100 1
-22 -100 1
-20 -100 1
-18 -100 1
-16 -100 1
-14 -100 1
-12 -100 1
-10 -100 1
-8 -100 1
-6 -100 1
-4 -100 1
-2 -100 1
0 -100 1
2 -100 1
4 -100 1
6 -100 1
8 -100 1
10 -100 1
12 -100 1
14 -100 1
16 -100 1
18 -100 1
20 -100 1
22 -100 1
24 -100 1
26 -100 1
28 -100 1
30 -100 1
32 -100 1
34 -100 1
36 -100 1
38 -100 1
40 -100 1
42 -100 1
44 -100 1
46 -100 1
48 -100 1
50 -100 1
52 -100 1
54 -100 1
56 -100 1
58 -100 1
60 -100 1
62 -100 1
64 -100 1
66 -100 1
68 -100 1
70 -100 1
72 -100 1
74 -100 1
76 -100 1
78 -100 1
80 -100 1
82 -100 1
84 -100 1
86 -100 1
88 -100 1
90 -100 1
92 -100 1
94 -100 1
96 -100 1
98 -100 1
100 -100 1
$
